1.62381	-0.459912	15.0785
1.63507	-0.470363	15.237
1.64632	-0.480621	15.3971
1.65758	-0.490682	15.5589
1.66883	-0.500543	15.722
1.68009	-0.510199	15.8864
1.69135	-0.519649	16.0519
1.7026	-0.528866	16.2184
1.71386	-0.537898	16.3856
1.72511	-0.54673	16.5537
1.73637	-0.555368	16.7223
1.74762	-0.563819	16.8914
1.75888	-0.572093	17.0608
1.77014	-0.580196	17.2303
1.78139	-0.58813	17.3999
1.79265	-0.59591	17.5695
1.8039	-0.603538	17.7388
1.81516	-0.61099	17.9079
1.82641	-0.618344	18.0767
1.83767	-0.62558	18.2449
1.84892	-0.632709	18.4127
1.86018	-0.63971	18.5799
1.87144	-0.646674	18.7464
1.88269	-0.653574	18.9121
1.89395	-0.660425	19.077
1.9052	-0.667234	19.241
1.91646	-0.674019	19.4041
1.92771	-0.680789	19.5661
1.93897	-0.687514	19.7273
1.95023	-0.694291	19.8874
1.96148	-0.701089	20.0464
1.97274	-0.707922	20.2044
1.98399	-0.714807	20.3613
1.99525	-0.721755	20.5173
2.0065	-0.72873	20.6722
2.01776	-0.73589	20.8259
2.02901	-0.743043	20.9787
2.04027	-0.75035	21.1304
2.05153	-0.757771	21.281
2.06278	-0.765313	21.4307
2.07404	-0.772924	21.5795
2.08529	-0.780777	21.7272
2.09655	-0.788662	21.8742
2.1078	-0.79681	22.0203
2.11906	-0.805004	22.1657
2.13032	-0.813476	22.3102
2.14157	-0.821997	22.4541
2.15283	-0.830745	22.5972
2.16408	-0.839603	22.7397
2.17534	-0.848753	22.8815
2.18659	-0.85795	23.0229
2.19785	-0.86744	23.1636
2.2091	-0.876974	23.3041
2.22036	-0.88668	23.4441
2.23162	-0.896691	23.5837
2.24287	-0.906746	23.7231
2.25413	-0.917104	23.8621
2.26538	-0.927495	24.0009
2.27664	-0.938118	24.1395
2.28789	-0.94883	24.2779
2.29915	-0.959832	24.416
2.31041	-0.970843	24.5542
2.32166	-0.982134	24.6921
2.33292	-0.993419	24.8302
2.34417	-1.00498	24.9681
2.35543	-1.01646	25.1062
2.36668	-1.02828	25.2442
2.37794	-1.04007	25.3823
2.38919	-1.05212	25.5202
2.40045	-1.06412	25.6584
2.41171	-1.07638	25.7964
2.42296	-1.08856	25.9347
2.43422	-1.10099	26.0729
2.44547	-1.11333	26.2113
2.45673	-1.1259	26.3496
2.46798	-1.13837	26.4881
2.47924	-1.15091	26.6268
2.4905	-1.16366	26.7653
2.50175	-1.1763	26.904
2.51301	-1.18915	27.0425
2.52426	-1.20186	27.1813
2.53552	-1.21478	27.3198
2.54677	-1.22755	27.4585
2.55803	-1.24034	27.5972
2.56928	-1.25315	27.7358
2.58054	-1.26615	27.8741
2.5918	-1.27899	28.0126
2.60305	-1.29202	28.1507
2.61431	-1.30487	28.2888
2.62556	-1.31792	28.4266
2.63682	-1.33078	28.5644
2.64807	-1.34383	28.7018
2.65933	-1.35669	28.8391
2.67059	-1.36975	28.976
2.68184	-1.38261	29.1127
2.6931	-1.39567	29.249
2.70435	-1.40852	29.3851
2.71561	-1.42138	29.5209
2.72686	-1.43443	29.6561
2.73812	-1.44728	29.7912
2.74937	-1.46034	29.9256
2.76063	-1.47319	30.0598
2.77189	-1.48626	30.1935
2.78314	-1.49912	30.3268
2.7944	-1.51199	30.4598
2.80565	-1.52487	30.5923
2.81691	-1.53797	30.7241
2.82816	-1.55087	30.8557
2.83942	-1.564	30.9866
2.85068	-1.57693	31.1173
2.86193	-1.5901	31.2473
2.87319	-1.60308	31.377
2.88444	-1.6163	31.5062
2.8957	-1.62932	31.6351
2.90695	-1.64261	31.7633
2.91821	-1.65569	31.8914
2.92946	-1.66905	32.0188
2.94072	-1.68221	32.1461
2.95198	-1.6954	32.2729
2.96323	-1.70888	32.3992
2.97449	-1.72217	32.5254
2.98574	-1.73573	32.651
2.997	-1.74911	32.7765
3.00825	-1.76253	32.9017
3.01951	-1.77624	33.0264
3.03077	-1.78977	33.151
3.04202	-1.80334	33.2755
3.05328	-1.81722	33.3995
3.06453	-1.8309	33.5235
3.07579	-1.84489	33.6471
3.08704	-1.85868	33.7708
3.0983	-1.87278	33.8941
3.10955	-1.88668	34.0175
3.12081	-1.90089	34.1405
3.13207	-1.9149	34.2637
3.14332	-1.92923	34.3866
3.15458	-1.94334	34.5098
3.16583	-1.95777	34.6326
3.17709	-1.97199	34.7557
3.18834	-1.98626	34.8788
3.1996	-2.00085	35.0017
3.21086	-2.01521	35.1248
3.22211	-2.02991	35.2478
3.23337	-2.04437	35.3711
3.24462	-2.05888	35.4944
3.25588	-2.07343	35.6178
3.26713	-2.08831	35.7411
3.27839	-2.10294	35.8647
3.28964	-2.1179	35.9881
3.3009	-2.13262	36.112
3.31216	-2.14767	36.2357
3.32341	-2.16246	36.3598
3.33467	-2.17759	36.4837
3.34592	-2.19246	36.608
3.35718	-2.20766	36.7322
3.36843	-2.2226	36.8568
3.37969	-2.23788	36.9812
3.39095	-2.25288	37.106
3.4022	-2.26823	37.2306
3.41346	-2.2833	37.3556
3.42471	-2.29841	37.4807
3.43597	-2.31386	37.6056
3.44722	-2.32903	37.7308
3.45848	-2.34454	37.8559
3.46973	-2.35978	37.9813
3.48099	-2.37505	38.1067
3.49225	-2.39035	38.2321
3.5035	-2.406	38.3574
3.51476	-2.42137	38.4829
3.52601	-2.4371	38.6081
3.53727	-2.45254	38.7337
3.54852	-2.46835	38.8589
3.55978	-2.48386	38.9845
3.57104	-2.49975	39.1097
3.58229	-2.51535	39.2352
3.59355	-2.53133	39.3603
3.6048	-2.54702	39.4857
3.61606	-2.5631	39.6108
3.62731	-2.57889	39.736
3.63857	-2.59507	39.8609
3.64982	-2.61096	39.986
3.66108	-2.62726	40.1107
3.67234	-2.64326	40.2356
3.68359	-2.65933	40.3605
3.69485	-2.67581	40.4849
3.7061	-2.692	40.6095
3.71736	-2.70827	40.734
3.72861	-2.72459	40.8583
3.73987	-2.74136	40.9823
3.75113	-2.75784	41.1064
3.76238	-2.77476	41.2301
3.77364	-2.79139	41.3539
3.78489	-2.80847	41.4773
3.79615	-2.82526	41.6009
3.8074	-2.84252	41.724
3.81866	-2.85949	41.8473
3.82991	-2.87692	41.9702
3.84117	-2.89408	42.0932
3.85243	-2.9117	42.2157
3.86368	-2.92904	42.3385
3.87494	-2.94685	42.4607
3.88619	-2.96438	42.5832
3.89745	-2.98239	42.7052
3.9087	-3.00011	42.8274
3.91996	-3.01793	42.9494
3.93122	-3.03585	43.0714
3.94247	-3.05387	43.1932
3.95373	-3.0724	43.3146
3.96498	-3.09063	43.4362
3.97624	-3.10937	43.5573
3.98749	-3.12781	43.6786
3.99875	-3.14676	43.7995
4.01	-3.1654	43.9205
4.02126	-3.18415	44.0415
4.03252	-3.20383	44.1618
4.04377	-3.22279	44.2825
4.05503	-3.24185	44.4032
4.06628	-3.26103	44.5237
4.07754	-3.28116	44.6435
4.08879	-3.30055	44.7637
4.10005	-3.32003	44.8838
4.11131	-3.33963	45.0038
4.12256	-3.35975	45.1234
4.13382	-3.37998	45.2428
4.14507	-3.39988	45.3623
4.15633	-3.41987	45.4818
4.16758	-3.43997	45.6011
4.17884	-3.46062	45.72
4.19009	-3.48092	45.8389
4.20135	-3.50133	45.9577
4.21261	-3.52183	46.0763
4.22386	-3.54333	46.194
4.23512	-3.56402	46.3122
4.24637	-3.58481	46.4302
4.25763	-3.60568	46.548
4.26888	-3.62758	46.6648
4.28014	-3.64864	46.7822
4.2914	-3.6698	46.8993
4.30265	-3.69105	47.0162
4.31391	-3.71334	47.1321
4.32516	-3.73478	47.2484
4.33642	-3.75631	47.3644
4.34767	-3.77792	47.4801
4.35893	-3.80011	47.5952
4.37018	-3.8219	47.7103
4.38144	-3.84426	47.8247
4.3927	-3.86622	47.9392
4.40395	-3.88827	48.0533
4.41521	-3.9109	48.1668
4.42646	-3.93313	48.2803
4.43772	-3.95544	48.3934
4.44897	-3.97784	48.5061
4.46023	-4.00134	48.6176
4.47149	-4.02392	48.7296
4.48274	-4.04658	48.8411
4.494	-4.06932	48.9521
4.50525	-4.09317	49.0621
4.51651	-4.11609	49.1724
4.52776	-4.13909	49.2822
4.53902	-4.16217	49.3917
4.55027	-4.1864	49.4999
4.56153	-4.20966	49.6084
4.57279	-4.23301	49.7165
4.58404	-4.25644	49.8241
4.5953	-4.28049	49.9308
4.60655	-4.30409	50.0375
4.61781	-4.32777	50.1438
4.62906	-4.35153	50.2495
4.64032	-4.37592	50.3544
4.65158	-4.4004	50.4589
4.66283	-4.42441	50.5633
4.67409	-4.44852	50.6672
4.68534	-4.4727	50.7706
4.6966	-4.49808	50.8727
4.70785	-4.52242	50.9752
4.71911	-4.54741	51.0767
4.73037	-4.57135	51.1787
4.74162	-4.5965	51.2794
4.75288	-4.62173	51.3796
4.76413	-4.6459	51.4802
4.77539	-4.67129	51.5796
4.78664	-4.69677	51.6785
4.7979	-4.72233	51.7769
4.80915	-4.74681	51.8757
4.82041	-4.77252	51.9733
4.83167	-4.79832	52.0704
4.84292	-4.82419	52.167
4.85418	-4.84895	52.2641
4.86543	-4.87496	52.36
4.87669	-4.89985	52.4563
4.88794	-4.92722	52.5504
4.8992	-4.95226	52.646
4.91046	-4.97858	52.7402
4.92171	-5.00374	52.8349
4.93297	-5.03019	52.9282
4.94422	-5.05671	53.0212
4.95548	-5.0833	53.1137
4.96673	-5.1087	53.2069
4.97799	-5.13541	53.2987
4.98924	-5.16218	53.3902
5.0005	-5.18776	53.4823
5.01176	-5.21465	53.573
5.02301	-5.24161	53.6634
5.03427	-5.26863	53.7534
5.04552	-5.29443	53.8441
5.05678	-5.32156	53.9334
5.06803	-5.34874	54.0223
5.07929	-5.37598	54.1109
5.09055	-5.40196	54.2002
5.1018	-5.42929	54.2881
5.11306	-5.45536	54.3768
5.12431	-5.48412	54.4631
5.13557	-5.51028	54.5512
5.14682	-5.53783	54.6379
5.15808	-5.56408	54.7253
5.16933	-5.59171	54.8114
5.18059	-5.6194	54.8971
5.19185	-5.64713	54.9825
5.2031	-5.67353	55.0688
5.21436	-5.70135	55.1536
5.22561	-5.7292	55.2381
5.23687	-5.75572	55.3235
5.24812	-5.78367	55.4075
5.25938	-5.81166	55.4911
5.27064	-5.8397	55.5745
5.28189	-5.86638	55.6588
5.29315	-5.8945	55.7416
5.3044	-5.92267	55.8241
5.31566	-5.95089	55.9063
5.32691	-5.9777	55.9894
5.33817	-6.00599	56.071
5.34942	-6.03287	56.1537
5.36068	-6.0627	56.2336
5.37194	-6.08967	56.3157
5.38319	-6.11814	56.3963
5.39445	-6.14518	56.4779
5.4057	-6.17373	56.5579
5.41696	-6.20233	56.6376
5.42821	-6.22948	56.7184
5.43947	-6.25817	56.7977
5.45073	-6.2869	56.8767
5.46198	-6.31568	56.9554
5.47324	-6.34299	57.0352
5.48449	-6.37186	57.1135
5.49575	-6.40079	57.1915
5.507	-6.42978	57.2692
5.51826	-6.45726	57.3481
5.52951	-6.48635	57.4253
5.54077	-6.51549	57.5023
5.55203	-6.54468	57.579
5.56328	-6.57236	57.6569
5.57454	-6.60167	57.7331
5.58579	-6.62944	57.8106
5.59705	-6.66046	57.8849
5.6083	-6.68835	57.962
5.61956	-6.71791	58.0373
5.63082	-6.74592	58.1138
5.64207	-6.77561	58.1886
5.65333	-6.80536	58.2631
5.66458	-6.83355	58.3389
5.67584	-6.86344	58.413
5.68709	-6.89341	58.4867
5.69835	-6.92345	58.5603
5.7096	-6.9519	58.6351
5.72086	-6.98209	58.7082
5.73212	-7.01237	58.781
5.74337	-7.04274	58.8536
5.75463	-7.07149	58.9275
5.76588	-7.10202	58.9995
5.77714	-7.13264	59.0712
5.78839	-7.16335	59.1426
5.79965	-7.19242	59.2155
5.81091	-7.22331	59.2864
5.82216	-7.25429	59.3571
5.83342	-7.28538	59.4276
5.84467	-7.31482	59.4994
5.85593	-7.34611	59.5693
5.86718	-7.37574	59.6406
5.87844	-7.40724	59.7099
5.88969	-7.43886	59.7789
5.90095	-7.46879	59.8494
5.91221	-7.50062	59.9178
5.92346	-7.53257	59.9859
5.93472	-7.56465	60.0537
5.94597	-7.59501	60.123
5.95723	-7.62733	60.1903
5.96848	-7.65979	60.2572
5.97974	-7.69238	60.3237
5.991	-7.72323	60.3918
6.00225	-7.75608	60.4577
6.01351	-7.78907	60.5232
6.02476	-7.8222	60.5884
6.03602	-7.85358	60.655
6.04727	-7.88699	60.7195
6.05853	-7.92054	60.7836
6.06978	-7.95425	60.8473
6.08104	-7.98619	60.9126
6.0923	-8.0202	60.9756
6.10355	-8.05243	61.0401
6.11481	-8.08676	61.1023
6.12606	-8.12125	61.1641
6.13732	-8.15394	61.2274
6.14857	-8.18876	61.2883
6.15983	-8.22374	61.3487
6.17109	-8.25889	61.4088
6.18234	-8.29221	61.4705
6.1936	-8.3277	61.5296
6.20485	-8.36338	61.5883
6.21611	-8.39925	61.6465
6.22736	-8.43325	61.7065
6.23862	-8.46947	61.7637
6.24987	-8.50588	61.8205
6.26113	-8.54249	61.8767
6.27239	-8.57719	61.9346
6.28364	-8.61416	61.9898
6.2949	-8.65134	62.0445
6.30615	-8.68871	62.0986
6.31741	-8.72415	62.1545
6.32866	-8.76192	62.2075
6.33992	-8.79774	62.2624
6.35118	-8.83591	62.3142
6.36243	-8.87429	62.3653
6.37369	-8.9107	62.4184
6.38494	-8.94948	62.4683
6.3962	-8.98848	62.5176
6.40745	-9.02769	62.5662
6.41871	-9.06489	62.6167
6.42997	-9.10453	62.6639
6.44122	-9.14439	62.7105
6.45248	-9.18446	62.7563
6.46373	-9.22249	62.8041
6.47499	-9.263	62.8484
6.48624	-9.30374	62.8919
6.4975	-9.34469	62.9346
6.50875	-9.38356	62.9793
6.52001	-9.42495	63.0204
6.53127	-9.46658	63.0607
6.54252	-9.50609	63.103
6.55378	-9.54817	63.1417
6.56503	-9.59049	63.1794
6.57629	-9.63065	63.2191
6.58754	-9.67343	63.2549
6.5988	-9.71644	63.2899
6.61005	-9.75727	63.3269
6.62131	-9.80073	63.3598
6.63257	-9.84444	63.3917
6.64382	-9.88839	63.4227
6.65508	-9.93011	63.4558
6.66633	-9.97454	63.4847
6.67759	-10.0192	63.5125
6.68884	-10.0641	63.5392
6.7001	-10.1068	63.5681
6.71136	-10.1522	63.5925
6.72261	-10.1979	63.6157
6.73387	-10.2438	63.6377
6.74512	-10.2873	63.662
6.75638	-10.3337	63.6816
6.76763	-10.3804	63.6999
6.77889	-10.4246	63.7206
6.79014	-10.4718	63.7365
6.8014	-10.5165	63.7548
6.81266	-10.5642	63.7679
6.82391	-10.6121	63.7797
6.83517	-10.6603	63.7901
6.84642	-10.706	63.803
6.85768	-10.7546	63.8106
6.86893	-10.8035	63.8167
6.88019	-10.8527	63.8214
6.89145	-10.8994	63.8287
6.9027	-10.9491	63.8305
6.91396	-10.999	63.8306
6.92521	-11.0493	63.8293
6.93647	-11.0969	63.8307
6.94772	-11.1477	63.8262
6.95898	-11.1987	63.82
6.97023	-11.2499	63.8122
6.98149	-11.2986	63.8073
6.99275	-11.3503	63.7962
7.004	-11.4024	63.7835
7.01526	-11.4518	63.7739
7.02651	-11.5043	63.7578
7.03777	-11.5542	63.7448
7.04902	-11.6073	63.7251
7.06028	-11.6607	63.7036
7.07154	-11.7143	63.6803
7.08279	-11.7651	63.6603
7.09405	-11.8193	63.6333
7.1053	-11.8737	63.6045
7.11656	-11.9284	63.5737
7.12781	-11.9802	63.5465
7.13907	-12.0355	63.512
7.15032	-12.091	63.4754
7.16158	-12.1467	63.4368
7.17284	-12.1996	63.402
7.18409	-12.2558	63.3593
7.19535	-12.3124	63.3145
7.2066	-12.3692	63.2676
7.21786	-12.423	63.2249
7.22911	-12.4803	63.1739
7.24037	-12.5379	63.1207
7.25163	-12.5925	63.0719
7.26288	-12.6506	63.0144
7.27414	-12.7056	62.9614
7.28539	-12.7643	62.8994
7.29665	-12.8232	62.8351
7.3079	-12.8824	62.7684
7.31916	-12.9383	62.7066
7.33042	-12.998	62.6354
7.34167	-13.058	62.5617
7.35293	-13.1182	62.4858
7.36418	-13.1751	62.415
7.37544	-13.2359	62.3341
7.38669	-13.2969	62.2508
7.39795	-13.3582	62.1648
7.4092	-13.4161	62.0844
7.42046	-13.4779	61.9932
7.43172	-13.5399	61.8996
7.44297	-13.6022	61.8031
7.45423	-13.6611	61.7128
7.46548	-13.7239	61.6112
7.47674	-13.787	61.5068
7.48799	-13.8466	61.4088
7.49925	-13.9103	61.2989
7.51051	-13.9703	61.1955
7.52176	-14.0345	61.0799
7.53302	-14.0989	60.9613
7.54427	-14.1636	60.8396
7.55553	-14.2246	60.7251
7.56678	-14.2898	60.5976
7.57804	-14.3553	60.467
7.58929	-14.421	60.3333
7.60055	-14.483	60.2073
7.61181	-14.5493	60.0673
7.62306	-14.6159	59.9241
7.63432	-14.6827	59.7774
7.64557	-14.7457	59.6391
7.65683	-14.8131	59.4858
7.66808	-14.8807	59.3292
7.67934	-14.9486	59.169
7.6906	-15.0126	59.0178
7.70185	-15.081	58.8508
7.71311	-15.1498	58.6802
7.72436	-15.2145	58.519
7.73562	-15.2838	58.3411
7.74687	-15.349	58.173
7.75813	-15.4189	57.9876
7.76938	-15.489	57.7983
7.78064	-15.5593	57.6051
7.7919	-15.6256	57.4223
7.80315	-15.6965	57.2212
7.81441	-15.7678	57.0159
7.82566	-15.8393	56.8064
7.83692	-15.9066	56.6083
7.84817	-15.9786	56.3904
7.85943	-16.051	56.168
7.87069	-16.1236	55.9411
7.88194	-16.192	55.7264
7.8932	-16.2652	55.4904
7.90445	-16.3386	55.2497
7.91571	-16.4077	55.0219
7.92696	-16.4817	54.7719
7.93822	-16.556	54.5167
7.94947	-16.6306	54.2564
7.96073	-16.7007	54.0101
7.97199	-16.7758	53.7397
7.98324	-16.8464	53.4836
7.9945	-16.922	53.2026
8.00575	-16.9979	52.9159
8.01701	-17.0691	52.6446
8.02826	-17.1455	52.3468
8.03952	-17.227	52.0213
8.05078	-17.2941	51.7555
8.06203	-17.3761	51.4173
8.07329	-17.4534	51.0951
8.08454	-17.526	50.7897
8.0958	-17.6038	50.4547
8.10705	-17.6768	50.1374
8.11831	-17.7549	49.7893
8.12956	-17.8333	49.4342
8.14082	-17.9067	49.0978
8.15208	-17.9854	48.7287
8.16333	-18.0693	48.3254
8.17459	-18.1382	47.9953
8.18584	-18.2224	47.5761
8.1971	-18.2965	47.2045
8.20835	-18.3759	46.7969
8.21961	-18.4553	46.3811
8.23087	-18.5296	45.9867
8.24212	-18.6091	45.5543
8.25338	-18.6835	45.1441
8.26463	-18.7631	44.6945
8.27589	-18.8478	44.2033
8.28714	-18.9169	43.8002
8.2984	-19.0015	43.2895
8.30965	-19.0808	42.8019
8.32091	-19.1548	42.339
8.33217	-19.2339	41.832
8.34342	-19.3076	41.3507
8.35468	-19.3862	40.8234
8.36593	-19.4646	40.2854
8.37719	-19.5375	39.7746
8.38844	-19.6152	39.2154
8.3997	-19.6976	38.6053
8.41096	-19.7645	38.1032
8.42221	-19.8459	37.4696
8.43347	-19.9119	36.9478
8.44472	-19.9922	36.2897
8.45598	-20.0669	35.6614
8.46723	-20.1361	35.0647
8.47849	-20.2094	34.4126
8.48975	-20.2772	33.7934
8.501	-20.3489	33.117
8.51226	-20.4242	32.3811
8.52351	-20.4848	31.7743
8.53477	-20.5581	31.0122
8.54602	-20.6256	30.2851
8.55728	-20.6876	29.5953
8.56853	-20.7527	28.8434
8.57979	-20.8123	28.1303
8.59105	-20.8747	27.3537
8.6023	-20.9356	26.5642
8.61356	-20.9909	25.8161
8.62481	-21.0486	25.0026
8.63607	-21.1081	24.1215
8.64732	-21.1549	23.395
8.65858	-21.2105	22.4894
8.66984	-21.2539	21.7429
8.68109	-21.3053	20.8139
8.69235	-21.3511	19.9312
8.7036	-21.3918	19.0971
8.71486	-21.4331	18.1942
8.72611	-21.4694	17.3418
8.73737	-21.5059	16.4204
8.74862	-21.5422	15.4287
8.75988	-21.569	14.6136
8.77114	-21.5998	13.6057
8.78239	-21.6256	12.6525
8.79365	-21.6468	11.756
8.8049	-21.667	10.7909
8.81616	-21.683	9.8843
8.82741	-21.6975	8.90984
8.83867	-21.7089	7.9316
8.84993	-21.7164	7.01459
8.86118	-21.7219	6.0314
8.87244	-21.7247	4.98235
8.88369	-21.7232	4.12582
8.89495	-21.7196	3.07626
8.9062	-21.7128	2.22058
8.91746	-21.7028	1.17361
8.92871	-21.6898	0.193318
8.93997	-21.6742	-0.719926
8.95123	-21.6552	-1.69324
8.96248	-21.6342	-2.59847
8.97374	-21.6094	-3.56182
8.98499	-21.5803	-4.58153
8.99625	-21.5524	-5.40693
9.0075	-21.5175	-6.41175
9.01876	-21.4813	-7.34619
9.03001	-21.4443	-8.21106
9.04127	-21.4029	-9.1279
9.05253	-21.3612	-9.97513
9.06378	-21.3149	-10.8722
9.07504	-21.2663	-11.7584
9.08629	-21.2179	-12.5754
9.09755	-21.1648	-13.439
9.1088	-21.1067	-14.3468
9.12006	-21.0553	-15.0735
9.13132	-20.9931	-15.9555
9.14257	-20.9384	-16.66
9.15383	-20.8724	-17.5151
9.16508	-20.8079	-18.3023
9.17634	-20.7454	-19.0239
9.18759	-20.6779	-19.7845
9.19885	-20.6126	-20.4806
9.2101	-20.5424	-21.2141
9.22136	-20.4672	-21.9826
9.23262	-20.4022	-22.5907
9.24387	-20.3247	-23.3304
9.25513	-20.25	-24.0078
9.26638	-20.1784	-24.6254
9.27764	-20.102	-25.2759
9.28889	-20.0289	-25.8681
9.30015	-19.951	-26.4918
9.31141	-19.8724	-27.1018
9.32266	-19.7976	-27.6561
9.33392	-19.718	-28.2401
9.34517	-19.6336	-28.8517
9.35643	-19.5618	-29.3286
9.36768	-19.4767	-29.9136
9.37894	-19.4044	-30.3685
9.39019	-19.3188	-30.9278
9.40145	-19.2373	-31.4362
9.41271	-19.1646	-31.859
9.42396	-19.0741	-32.4168
9.43522	-19.0013	-32.8187
9.44647	-18.9196	-33.2813
9.45773	-18.838	-33.7326
9.46898	-18.7564	-34.173
9.48024	-18.6749	-34.6025
9.4915	-18.5936	-35.0215
9.50275	-18.5214	-35.3664
9.51401	-18.4405	-35.7661
9.52526	-18.3597	-36.1558
9.53652	-18.2793	-36.5359
9.54777	-18.1991	-36.9065
9.55903	-18.1193	-37.2677
9.57028	-18.0397	-37.62
9.58154	-17.9606	-37.9634
9.5928	-17.8906	-38.2429
9.60405	-17.8121	-38.5703
9.61531	-17.7341	-38.8894
9.62656	-17.6565	-39.2006
9.63782	-17.5793	-39.5039
9.64907	-17.5113	-39.7486
9.66033	-17.4264	-40.0878
9.67159	-17.3592	-40.3195
9.68284	-17.2838	-40.5942
9.6941	-17.209	-40.8621
9.70535	-17.1347	-41.1232
9.71661	-17.0608	-41.3778
9.72786	-16.9875	-41.626
9.73912	-16.9231	-41.8232
9.75037	-16.8508	-42.0598
9.76163	-16.7791	-42.2906
9.77289	-16.7079	-42.5155
9.78414	-16.6372	-42.7349
9.7954	-16.5753	-42.9075
9.80665	-16.4975	-43.1575
9.81791	-16.4285	-43.361
9.82916	-16.3681	-43.5199
9.84042	-16.3002	-43.7141
9.85168	-16.2328	-43.9035
9.86293	-16.1659	-44.0883
9.87419	-16.0997	-44.2685
9.88544	-16.0418	-44.4076
9.8967	-15.9688	-44.6161
9.90795	-15.912	-44.7479
9.91921	-15.8479	-44.9118
9.93046	-15.7844	-45.0719
9.94172	-15.7214	-45.2281
9.95298	-15.659	-45.3807
9.96423	-15.5971	-45.5297
9.97549	-15.5433	-45.6422
9.98674	-15.4824	-45.7847
9.998	-15.4221	-45.9239
10.0093	-15.3623	-46.0599
10.0205	-15.3031	-46.1929
10.0318	-15.2517	-46.2919
10.043	-15.1861	-46.4497
10.0543	-15.1284	-46.5737
10.0655	-15.0785	-46.6654
10.0768	-15.0218	-46.7844
10.088	-14.9656	-46.9007
10.0993	-14.9098	-47.0145
10.1106	-14.8546	-47.1259
10.1218	-14.8069	-47.207
10.1331	-14.7456	-47.3415
10.1443	-14.6918	-47.4459
10.1556	-14.6454	-47.5213
10.1668	-14.5925	-47.6218
10.1781	-14.5401	-47.7202
10.1893	-14.4881	-47.8166
10.2006	-14.4365	-47.911
10.2119	-14.3922	-47.9783
10.2231	-14.3415	-48.0693
10.2344	-14.2912	-48.1586
10.2456	-14.2414	-48.2463
10.2569	-14.192	-48.3323
10.2681	-14.1496	-48.3927
10.2794	-14.0943	-48.4996
10.2906	-14.046	-48.5809
10.3019	-14.0048	-48.6377
10.3132	-13.9573	-48.7164
10.3244	-13.9102	-48.7938
10.3357	-13.8634	-48.8699
10.3469	-13.8171	-48.9447
10.3582	-13.7775	-48.9964
10.3694	-13.7254	-49.0908
10.3807	-13.6801	-49.1621
10.3919	-13.6415	-49.211
10.4032	-13.5968	-49.2803
10.4145	-13.5525	-49.3486
10.4257	-13.5085	-49.4159
10.437	-13.4648	-49.4821
10.4482	-13.4276	-49.5272
10.4595	-13.3845	-49.5918
10.4707	-13.3418	-49.6555
10.482	-13.2993	-49.7183
10.4932	-13.2571	-49.7804
10.5045	-13.2212	-49.8223
10.5158	-13.1735	-49.9019
10.527	-13.1321	-49.9615
10.5383	-13.097	-50.0017
10.5495	-13.0561	-50.06
10.5608	-13.0155	-50.1175
10.572	-12.9752	-50.1743
10.5833	-12.9351	-50.2305
10.5945	-12.9011	-50.2682
10.6058	-12.8556	-50.3408
10.6171	-12.8162	-50.395
10.6283	-12.7828	-50.4314
10.6396	-12.7438	-50.4845
10.6508	-12.7051	-50.537
10.6621	-12.6665	-50.5888
10.6733	-12.6282	-50.6401
10.6846	-12.5957	-50.6744
10.6958	-12.5578	-50.7246
10.7071	-12.52	-50.7743
10.7184	-12.4824	-50.8235
10.7296	-12.4451	-50.8721
10.7409	-12.4134	-50.9044
10.7521	-12.3708	-50.9675
10.7634	-12.3339	-51.0144
10.7746	-12.3027	-51.0455
10.7859	-12.2662	-51.0914
10.7971	-12.2298	-51.1367
10.8084	-12.1935	-51.1815
10.8197	-12.1574	-51.2257
10.8309	-12.1269	-51.2549
10.8422	-12.0857	-51.3125
10.8534	-12.05	-51.355
10.8647	-12.0198	-51.3829
10.8759	-11.9844	-51.4244
10.8872	-11.9491	-51.4653
10.8984	-11.914	-51.5056
10.9097	-11.879	-51.5453
10.921	-11.8493	-51.571
10.9322	-11.8145	-51.6096
10.9435	-11.7798	-51.6477
10.9547	-11.7452	-51.6852
10.966	-11.7108	-51.722
10.9772	-11.6815	-51.7454
10.9885	-11.6422	-51.7937
10.9997	-11.608	-51.8286
11.011	-11.5791	-51.8504
11.0223	-11.5451	-51.8841
11.0335	-11.5112	-51.9171
11.0448	-11.4775	-51.9495
11.056	-11.4438	-51.9812
11.0673	-11.4152	-52.0004
11.0785	-11.3768	-52.0426
11.0898	-11.3434	-52.0723
11.1011	-11.315	-52.0897
11.1123	-11.2817	-52.118
11.1236	-11.2486	-52.1456
11.1348	-11.2155	-52.1725
11.1461	-11.1826	-52.1986
11.1573	-11.1545	-52.213
11.1686	-11.1216	-52.2378
11.1798	-11.0889	-52.2618
11.1911	-11.0562	-52.2851
11.2024	-11.0236	-52.3076
11.2136	-10.9958	-52.3189
11.2249	-10.9587	-52.3503
11.2361	-10.9264	-52.3705
11.2474	-10.8988	-52.3796
11.2586	-10.8666	-52.3983
11.2699	-10.8345	-52.4162
11.2811	-10.8024	-52.4333
11.2924	-10.7705	-52.4495
11.3037	-10.7432	-52.4552
11.3149	-10.7069	-52.4797
11.3262	-10.6752	-52.4935
11.3374	-10.6481	-52.497
11.3487	-10.6165	-52.5092
11.3599	-10.5851	-52.5206
11.3712	-10.5537	-52.5312
11.3824	-10.5224	-52.541
11.3937	-10.4957	-52.5408
11.405	-10.4646	-52.549
11.4162	-10.4335	-52.5563
11.4275	-10.4026	-52.5628
11.4387	-10.3718	-52.5685
11.45	-10.3454	-52.5646
11.4612	-10.3104	-52.5772
11.4725	-10.2799	-52.5803
11.4837	-10.2537	-52.5741
11.495	-10.2234	-52.5756
11.5063	-10.1932	-52.5762
11.5175	-10.163	-52.576
11.5288	-10.133	-52.575
11.54	-10.1073	-52.565
11.5513	-10.0733	-52.5704
11.5625	-10.0436	-52.5668
11.5738	-10.0182	-52.5545
11.585	-9.98871	-52.5492
11.5963	-9.95936	-52.5432
11.6076	-9.93013	-52.5363
11.6188	-9.90101	-52.5286
11.6301	-9.87611	-52.5125
11.6413	-9.84723	-52.5033
11.6526	-9.81848	-52.4932
11.6638	-9.78986	-52.4822
11.6751	-9.76137	-52.4705
11.6863	-9.73702	-52.4506
11.6976	-9.7048	-52.4446
11.7089	-9.67672	-52.4304
11.7201	-9.65273	-52.4083
11.7314	-9.62491	-52.3927
11.7426	-9.59724	-52.3762
11.7539	-9.56971	-52.359
11.7651	-9.54233	-52.341
11.7764	-9.51896	-52.3154
11.7876	-9.48799	-52.3027
11.7989	-9.46105	-52.2824
11.8102	-9.43809	-52.2547
11.8214	-9.41144	-52.2331
11.8327	-9.38494	-52.2106
11.8439	-9.3586	-52.1875
11.8552	-9.33241	-52.1637
11.8664	-9.31014	-52.1327
11.8777	-9.28426	-52.1076
11.8889	-9.25853	-52.0818
11.9002	-9.23297	-52.0552
11.9115	-9.20756	-52.0281
11.9227	-9.18602	-51.9941
11.934	-9.15725	-51.9719
11.9452	-9.13233	-51.9428
11.9565	-9.11124	-51.9071
11.9677	-9.08665	-51.8768
11.979	-9.06223	-51.846
11.9902	-9.03797	-51.8146
12.0015	-9.01388	-51.7827
12.0128	-8.99355	-51.7443
12.024	-8.96978	-51.7113
12.0353	-8.94263	-51.6836
12.0465	-8.92277	-51.6438
12.0578	-8.89952	-51.6092
12.069	-8.87645	-51.5742
12.0803	-8.85354	-51.5388
12.0915	-8.83081	-51.5028
12.1028	-8.81174	-51.4609
12.1141	-8.78934	-51.4241
12.1253	-8.76711	-51.387
12.1366	-8.74506	-51.3494
12.1478	-8.72319	-51.3115
12.1591	-8.70491	-51.2678
12.1703	-8.67996	-51.2346
12.1816	-8.6586	-51.1957
12.1928	-8.64081	-51.151
12.2041	-8.61979	-51.1114
12.2154	-8.59894	-51.0716
12.2266	-8.57827	-51.0315
12.2379	-8.55778	-50.9912
12.2491	-8.54078	-50.9453
12.2604	-8.52062	-50.9045
12.2716	-8.49732	-50.8687
12.2829	-8.48081	-50.8223
12.2941	-8.46117	-50.7809
12.3054	-8.4417	-50.7393
12.3167	-8.4224	-50.6976
12.3279	-8.40327	-50.6558
12.3392	-8.38756	-50.6088
12.3504	-8.36876	-50.5667
12.3617	-8.35013	-50.5246
12.3729	-8.33167	-50.4824
12.3842	-8.31338	-50.4401
12.3954	-8.29845	-50.3928
12.4067	-8.27731	-50.3554
12.418	-8.25952	-50.313
12.4292	-8.24506	-50.2656
12.4405	-8.22759	-50.2232
12.4517	-8.21029	-50.1808
12.463	-8.19316	-50.1384
12.4742	-8.17619	-50.0961
12.4855	-8.16249	-50.049
12.4967	-8.14583	-50.0068
12.508	-8.12624	-49.9693
12.5193	-8.113	-49.9225
12.5305	-8.09681	-49.8804
12.5418	-8.08079	-49.8385
12.553	-8.06492	-49.7967
12.5643	-8.04921	-49.7549
12.5755	-8.03669	-49.7086
12.5868	-8.02127	-49.6672
12.598	-8.006	-49.6258
12.6093	-7.99088	-49.5846
12.6206	-7.97591	-49.5436
12.6318	-7.96408	-49.4981
12.6431	-7.94641	-49.4619
12.6543	-7.93187	-49.4213
12.6656	-7.92044	-49.3763
12.6768	-7.90617	-49.3361
12.6881	-7.89205	-49.296
12.6993	-7.87806	-49.2561
12.7106	-7.8642	-49.2164
12.7219	-7.8534	-49.1725
12.7331	-7.8398	-49.1332
12.7444	-7.82341	-49.0985
12.7556	-7.81297	-49.0551
12.7669	-7.79973	-49.0161
12.7781	-7.78951	-48.9729
12.7894	-7.77362	-48.9388
12.8006	-7.76075	-48.9004
12.8119	-7.75085	-48.8579
12.8232	-7.7382	-48.82
12.8344	-7.72566	-48.7824
12.8457	-7.71322	-48.7449
12.8569	-7.70089	-48.7077
12.8682	-7.69149	-48.6664
12.8794	-7.67654	-48.6339
12.8907	-7.66451	-48.5973
12.902	-7.65539	-48.5567
12.9132	-7.64354	-48.5206
12.9245	-7.63179	-48.4848
12.9357	-7.62013	-48.4491
12.947	-7.60856	-48.4137
12.9582	-7.59984	-48.3743
12.9695	-7.58842	-48.3394
12.9807	-7.57432	-48.309
12.992	-7.56582	-48.2703
13.0033	-7.55464	-48.2361
13.0145	-7.54627	-48.1979
13.0258	-7.53249	-48.1684
13.037	-7.52151	-48.1349
13.0483	-7.51333	-48.0975
13.0595	-7.50248	-48.0644
13.0708	-7.49168	-48.0317
13.082	-7.48095	-47.9991
13.0933	-7.47027	-47.9669
13.1046	-7.46234	-47.9307
13.1158	-7.44908	-47.903
13.1271	-7.43857	-47.8714
13.1383	-7.43078	-47.836
13.1496	-7.42035	-47.8049
13.1608	-7.40997	-47.7741
13.1721	-7.39964	-47.7435
13.1833	-7.38934	-47.7132
13.1946	-7.38173	-47.679
13.2059	-7.3715	-47.6491
13.2171	-7.35869	-47.6235
13.2284	-7.35117	-47.5901
13.2396	-7.34106	-47.5609
13.2509	-7.3336	-47.528
13.2621	-7.32094	-47.5033
13.2734	-7.31093	-47.4748
13.2846	-7.30354	-47.4427
13.2959	-7.29359	-47.4147
13.3072	-7.28365	-47.3869
13.3184	-7.27375	-47.3594
13.3297	-7.26388	-47.3321
13.3409	-7.25659	-47.3011
13.3522	-7.2442	-47.2781
13.3634	-7.23441	-47.2514
13.3747	-7.22719	-47.221
13.3859	-7.21744	-47.1948
13.3972	-7.20771	-47.1687
13.4085	-7.19801	-47.1428
13.4197	-7.18832	-47.1171
13.431	-7.18119	-47.0878
13.4422	-7.17155	-47.0625
13.4535	-7.15942	-47.0411
13.4647	-7.15234	-47.0123
13.476	-7.14277	-46.9875
13.4872	-7.13572	-46.959
13.4985	-7.1237	-46.9382
13.5098	-7.1142	-46.9138
13.521	-7.10721	-46.8858
13.5323	-7.09776	-46.8617
13.5435	-7.08832	-46.8376
13.5548	-7.07891	-46.8137
13.566	-7.06952	-46.7898
13.5773	-7.06262	-46.7624
13.5885	-7.05082	-46.7424
13.5998	-7.04151	-46.7187
13.6111	-7.03466	-46.6915
13.6223	-7.0254	-46.668
13.6336	-7.01615	-46.6445
13.6448	-7.00694	-46.6211
13.6561	-6.99775	-46.5977
13.6673	-6.991	-46.5707
13.6786	-6.98186	-46.5473
13.6898	-6.97033	-46.5274
13.7011	-6.96364	-46.5005
13.7124	-6.95457	-46.477
13.7236	-6.94793	-46.4499
13.7349	-6.93652	-46.4299
13.7461	-6.92754	-46.4063
13.7574	-6.92096	-46.3791
13.7686	-6.91202	-46.3554
13.7799	-6.90311	-46.3316
13.7911	-6.89423	-46.3077
13.8024	-6.88537	-46.2838
13.8137	-6.87889	-46.2562
13.8249	-6.86773	-46.2355
13.8362	-6.85895	-46.2111
13.8474	-6.85254	-46.1832
13.8587	-6.84381	-46.1586
13.8699	-6.8351	-46.1339
13.8812	-6.82643	-46.109
13.8924	-6.81778	-46.084
13.9037	-6.81147	-46.0554
13.915	-6.80286	-46.0301
13.9262	-6.79197	-46.008
13.9375	-6.78571	-45.9789
13.9487	-6.77718	-45.9531
13.96	-6.77096	-45.9237
13.9712	-6.76018	-45.9009
13.9825	-6.75172	-45.8745
13.9937	-6.74556	-45.8446
14.005	-6.73714	-45.8178
14.0163	-6.72875	-45.7909
14.0275	-6.72037	-45.7638
14.0388	-6.71202	-45.7366
14.05	-6.70595	-45.7058
14.0613	-6.69539	-45.6815
14.0725	-6.6871	-45.6536
14.0838	-6.68108	-45.6223
14.095	-6.67284	-45.5942
14.1063	-6.66461	-45.5658
14.1176	-6.65641	-45.5372
14.1288	-6.64824	-45.5085
14.1401	-6.6423	-45.4764
14.1513	-6.63416	-45.4474
14.1626	-6.62383	-45.4214
14.1738	-6.61795	-45.3889
14.1851	-6.60987	-45.3594
14.1963	-6.60401	-45.3265
14.2076	-6.59379	-45.2999
14.2189	-6.58578	-45.27
14.2301	-6.57997	-45.2367
14.2414	-6.572	-45.2065
14.2526	-6.56406	-45.1762
14.2639	-6.55614	-45.1458
14.2751	-6.54825	-45.1152
14.2864	-6.54253	-45.0814
14.2976	-6.53253	-45.0538
14.3089	-6.5247	-45.023
14.3202	-6.51905	-44.9889
14.3314	-6.51127	-44.9579
14.3427	-6.50352	-44.9267
14.3539	-6.49579	-44.8955
14.3652	-6.48809	-44.8642
14.3764	-6.48254	-44.8298
14.3877	-6.4749	-44.7983
14.3989	-6.46517	-44.77
14.4102	-6.45969	-44.7353
14.4215	-6.45213	-44.7037
14.4327	-6.4467	-44.669
14.444	-6.4371	-44.6404
14.4552	-6.42963	-44.6087
14.4665	-6.42427	-44.5739
14.4777	-6.41686	-44.542
14.489	-6.40948	-44.5102
14.5002	-6.40214	-44.4783
14.5115	-6.39483	-44.4463
14.5228	-6.38961	-44.4114
14.534	-6.38031	-44.3825
14.5453	-6.37309	-44.3505
14.5565	-6.36796	-44.3155
14.5678	-6.36082	-44.2834
14.579	-6.3537	-44.2513
14.5903	-6.34662	-44.2192
14.6016	-6.33958	-44.1871
14.6128	-6.3346	-44.152
14.6241	-6.32763	-44.1198
14.6353	-6.31868	-44.0906
14.6466	-6.3138	-44.0555
14.6578	-6.30693	-44.0233
14.6691	-6.30211	-43.9881
14.6803	-6.29331	-43.9588
14.6916	-6.28655	-43.9266
14.7029	-6.28182	-43.8913
14.7141	-6.27512	-43.859
14.7254	-6.26847	-43.8266
14.7366	-6.26185	-43.7942
14.7479	-6.25527	-43.7618
14.7591	-6.2507	-43.7264
14.7704	-6.24419	-43.694
14.7816	-6.23575	-43.6644
14.7929	-6.23126	-43.629
14.8042	-6.22485	-43.5965
14.8154	-6.21846	-43.5639
14.8267	-6.21211	-43.5313
14.8379	-6.2058	-43.4986
14.8492	-6.20146	-43.463
14.8604	-6.19521	-43.4303
14.8717	-6.18706	-43.4004
14.8829	-6.18281	-43.3647
14.8942	-6.17666	-43.3319
14.9055	-6.17245	-43.2962
14.9167	-6.16444	-43.2662
14.928	-6.15837	-43.2333
14.9392	-6.15423	-43.1975
14.9505	-6.14822	-43.1644
14.9617	-6.14224	-43.1314
14.973	-6.13628	-43.0982
14.9842	-6.13036	-43.065
14.9955	-6.12635	-43.029
15.0068	-6.12048	-42.9958
15.018	-6.11275	-42.9654
15.0293	-6.10881	-42.9292
15.0405	-6.103	-42.8959
15.0518	-6.09723	-42.8625
15.063	-6.09148	-42.829
15.0743	-6.08575	-42.7955
15.0855	-6.08191	-42.7591
15.0968	-6.07624	-42.7255
15.1081	-6.06874	-42.6947
15.1193	-6.06496	-42.6582
15.1306	-6.05937	-42.6244
15.1418	-6.05562	-42.5879
15.1531	-6.04823	-42.5569
15.1643	-6.0427	-42.523
15.1756	-6.03901	-42.4863
15.1868	-6.03352	-42.4523
15.1981	-6.02805	-42.4183
15.2094	-6.02261	-42.3841
15.2206	-6.01719	-42.35
15.2319	-6.01361	-42.313
15.2431	-6.00824	-42.2788
15.2544	-6.00109	-42.2473
15.2656	-5.99756	-42.2102
15.2769	-5.99226	-42.1758
15.2881	-5.98698	-42.1413
15.2994	-5.98172	-42.1068
15.3107	-5.97648	-42.0722
15.3219	-5.97304	-42.0348
15.3332	-5.96786	-42.0001
15.3444	-5.96093	-41.968
15.3557	-5.95756	-41.9304
15.3669	-5.95244	-41.8955
15.3782	-5.94911	-41.8578
15.3894	-5.94228	-41.8255
15.4007	-5.93724	-41.7904
15.412	-5.93396	-41.7525
15.4232	-5.92896	-41.7172
15.4345	-5.92398	-41.6818
15.4457	-5.91903	-41.6464
15.457	-5.91411	-41.6109
15.4682	-5.91094	-41.5725
15.4795	-5.90607	-41.5369
15.4907	-5.8995	-41.5039
15.502	-5.89639	-41.4654
15.5133	-5.89158	-41.4295
15.5245	-5.88851	-41.3908
15.5358	-5.88205	-41.3575
15.547	-5.87732	-41.3213
15.5583	-5.87431	-41.2823
15.5695	-5.86963	-41.246
15.5808	-5.86328	-41.2124
15.592	-5.86034	-41.1731
15.6033	-5.85574	-41.1366
15.6146	-5.85284	-41.0973
15.6258	-5.84661	-41.0633
15.6371	-5.84207	-41.0266
15.6483	-5.83923	-40.987
15.6596	-5.83474	-40.9501
15.6708	-5.83028	-40.9132
15.6821	-5.82585	-40.8761
15.6933	-5.82144	-40.839
15.7046	-5.8187	-40.7991
15.7159	-5.81434	-40.7619
15.7271	-5.80837	-40.7274
15.7384	-5.80569	-40.6874
15.7496	-5.8014	-40.6501
15.7609	-5.79877	-40.6099
15.7721	-5.7929	-40.5753
15.7834	-5.78869	-40.5378
15.7946	-5.78612	-40.4976
15.8059	-5.78195	-40.4601
15.8172	-5.7762	-40.4253
15.8284	-5.77371	-40.3851
15.8397	-5.76962	-40.3476
15.8509	-5.76716	-40.3073
15.8622	-5.76153	-40.2725
15.8734	-5.75752	-40.235
15.8847	-5.75514	-40.1948
15.8959	-5.75118	-40.1574
15.9072	-5.74725	-40.1199
15.9185	-5.74336	-40.0825
15.9297	-5.73949	-40.0451
15.941	-5.73723	-40.0051
15.9522	-5.73341	-39.9678
15.9635	-5.72807	-39.9333
15.9747	-5.72588	-39.8935
15.986	-5.72216	-39.8564
15.9972	-5.72002	-39.8166
16.0085	-5.71325	-39.7851
16.0198	-5.71273	-39.7428
16.031	-5.70913	-39.7059
16.0423	-5.70557	-39.6692
16.0535	-5.7005	-39.6353
16.0648	-5.69701	-39.5988
16.076	-5.69661	-39.5569
16.0873	-5.69317	-39.5205
16.0985	-5.68825	-39.487
16.1098	-5.68488	-39.4508
16.1211	-5.68156	-39.4148
16.1323	-5.68129	-39.3734
16.1436	-5.67652	-39.3402
16.1548	-5.67329	-39.3045
16.1661	-5.67011	-39.2688
16.1773	-5.66695	-39.2332
16.1886	-5.66534	-39.1951
16.1999	-5.66225	-39.1597
16.2111	-5.6592	-39.1245
16.2224	-5.65618	-39.0894
16.2336	-5.6532	-39.0543
16.2449	-5.64877	-39.0221
16.2561	-5.64882	-38.9818
16.2674	-5.64594	-38.947
16.2786	-5.64309	-38.9123
16.2899	-5.63881	-38.8805
16.3011	-5.63603	-38.846
16.3124	-5.6362	-38.8061
16.3237	-5.63348	-38.7718
16.3349	-5.62932	-38.7403
16.3462	-5.62666	-38.7061
16.3574	-5.62402	-38.672
16.3687	-5.6243	-38.6325
16.3799	-5.62026	-38.6012
16.3912	-5.61769	-38.5673
16.4025	-5.61515	-38.5335
16.4137	-5.61263	-38.4997
16.425	-5.61156	-38.4632
16.4362	-5.60907	-38.4295
16.4475	-5.60659	-38.3958
16.4587	-5.60413	-38.3622
16.47	-5.60168	-38.3287
16.4812	-5.59924	-38.2951
16.4925	-5.59822	-38.2588
16.5038	-5.5958	-38.2253
16.515	-5.59338	-38.1919
16.5263	-5.58956	-38.1612
16.5375	-5.58715	-38.1278
16.5488	-5.58753	-38.0889
16.56	-5.58511	-38.0556
16.5713	-5.58129	-38.025
16.5825	-5.57885	-37.9917
16.5938	-5.57641	-37.9584
16.6051	-5.57672	-37.9196
16.6163	-5.57286	-37.8891
16.6276	-5.57038	-37.8559
16.6388	-5.56787	-37.8227
16.6501	-5.56535	-37.7895
16.6613	-5.56418	-37.7535
16.6726	-5.56161	-37.7204
16.6838	-5.55901	-37.6873
16.6951	-5.55639	-37.6542
16.7064	-5.55373	-37.6211
16.7176	-5.55104	-37.5881
16.7289	-5.54967	-37.5523
16.7401	-5.54691	-37.5193
16.7514	-5.54412	-37.4863
16.7626	-5.53996	-37.4562
16.7739	-5.53709	-37.4233
16.7851	-5.53685	-37.3849
16.7964	-5.5339	-37.3521
16.8077	-5.52957	-37.3222
16.8189	-5.52653	-37.2895
16.8302	-5.52344	-37.2568
16.8414	-5.52294	-37.2187
16.8527	-5.51844	-37.1889
16.8639	-5.5152	-37.1564
16.8752	-5.51192	-37.1239
16.8864	-5.50859	-37.0915
16.8977	-5.50652	-37.0564
16.909	-5.50308	-37.0241
16.9202	-5.4996	-36.9919
16.9315	-5.49606	-36.9597
16.9427	-5.49246	-36.9276
16.954	-5.48882	-36.8955
16.9652	-5.48641	-36.8607
16.9765	-5.48266	-36.8288
16.9877	-5.47886	-36.7968
16.999	-5.475	-36.7649
17.0103	-5.46983	-36.7358
17.0215	-5.46842	-36.6985
17.0328	-5.46441	-36.6668
17.044	-5.45909	-36.6378
17.0553	-5.45498	-36.6061
17.0665	-5.45082	-36.5744
17.0778	-5.44912	-36.5373
17.089	-5.44361	-36.5083
17.1003	-5.43931	-36.4767
17.1116	-5.43496	-36.445
17.1228	-5.43056	-36.4133
17.1341	-5.42736	-36.3789
17.1453	-5.42288	-36.3472
17.1566	-5.41834	-36.3154
17.1678	-5.41377	-36.2836
17.1791	-5.40915	-36.2518
17.1903	-5.40449	-36.2199
17.2016	-5.40101	-36.1852
17.2129	-5.39627	-36.1532
17.2241	-5.39149	-36.121
17.2354	-5.38668	-36.0887
17.2466	-5.38062	-36.059
17.2579	-5.37814	-36.0212
17.2691	-5.37322	-35.9886
17.2804	-5.36707	-35.9584
17.2916	-5.36208	-35.9255
17.3029	-5.35706	-35.8924
17.3142	-5.35437	-35.8539
17.3254	-5.3481	-35.8231
17.3367	-5.34299	-35.7894
17.3479	-5.33784	-35.7555
17.3592	-5.33267	-35.7214
17.3704	-5.32864	-35.6845
17.3817	-5.32342	-35.65
17.3929	-5.31817	-35.6152
17.4042	-5.31289	-35.5802
17.4155	-5.30759	-35.5449
17.4267	-5.30227	-35.5093
17.438	-5.29807	-35.4709
17.4492	-5.2927	-35.4348
17.4605	-5.2873	-35.3984
17.4717	-5.28189	-35.3616
17.483	-5.27533	-35.3271
17.4942	-5.27215	-35.2847
17.5055	-5.26668	-35.247
17.5168	-5.26008	-35.2116
17.528	-5.25458	-35.1733
17.5393	-5.24906	-35.1347
17.5505	-5.24576	-35.0907
17.5618	-5.23911	-35.0539
17.573	-5.23355	-35.0143
17.5843	-5.22798	-34.9743
17.5955	-5.2224	-34.934
17.6068	-5.21791	-34.8909
17.6181	-5.21231	-34.8499
17.6293	-5.20671	-34.8086
17.6406	-5.2011	-34.7669
17.6518	-5.19548	-34.725
17.6631	-5.18986	-34.6826
17.6743	-5.18531	-34.6376
17.6856	-5.17967	-34.5946
17.6968	-5.17404	-34.5513
17.7081	-5.16842	-34.5077
17.7194	-5.16173	-34.4662
17.7306	-5.15823	-34.4171
17.7419	-5.15261	-34.3726
17.7531	-5.147	-34.3278
17.7644	-5.14035	-34.285
17.7756	-5.13476	-34.2396
17.7869	-5.13126	-34.1892
17.7981	-5.12466	-34.1456
17.8094	-5.11911	-34.0994
17.8207	-5.11357	-34.0529
17.8319	-5.10806	-34.0062
17.8432	-5.10358	-33.9568
17.8544	-5.09811	-33.9096
17.8657	-5.09266	-33.8621
17.8769	-5.08724	-33.8145
17.8882	-5.08185	-33.7666
17.8994	-5.07649	-33.7185
17.9107	-5.07215	-33.6679
17.922	-5.06685	-33.6194
17.9332	-5.06159	-33.5707
17.9445	-5.05637	-33.5219
17.9557	-5.0502	-33.4751
17.967	-5.04701	-33.4213
17.9782	-5.04191	-33.372
17.9895	-5.03686	-33.3225
18.0007	-5.03089	-33.2752
18.012	-5.02593	-33.2254
18.0233	-5.02294	-33.1709
18.0345	-5.01713	-33.1232
18.0458	-5.01234	-33.073
18.057	-5.00759	-33.0228
18.0683	-5.00291	-32.9724
18.0795	-4.99922	-32.9197
18.0908	-4.99466	-32.8691
18.1021	-4.99015	-32.8185
18.1133	-4.98571	-32.7678
18.1246	-4.98134	-32.717
18.1358	-4.97703	-32.6661
18.1471	-4.97371	-32.6129
18.1583	-4.96953	-32.562
18.1696	-4.96543	-32.5109
18.1808	-4.96139	-32.4598
18.1921	-4.95653	-32.4109
18.2034	-4.95444	-32.3553
18.2146	-4.95061	-32.3041
18.2259	-4.94687	-32.2528
18.2371	-4.94231	-32.2038
18.2484	-4.93871	-32.1525
18.2596	-4.93694	-32.0968
18.2709	-4.93261	-32.0477
18.2821	-4.92923	-31.9964
18.2934	-4.92593	-31.9452
18.3047	-4.9227	-31.8939
18.3159	-4.9204	-31.8404
18.3272	-4.91731	-31.7892
18.3384	-4.9143	-31.738
18.3497	-4.91136	-31.6868
18.3609	-4.90849	-31.6357
18.3722	-4.90569	-31.5846
18.3834	-4.9038	-31.5314
18.3947	-4.90114	-31.4804
18.406	-4.89855	-31.4296
18.4172	-4.89603	-31.3787
18.4285	-4.89274	-31.3302
18.4397	-4.892	-31.2752
18.451	-4.88967	-31.2247
18.4622	-4.8874	-31.1742
18.4735	-4.88438	-31.1261
18.4847	-4.88224	-31.076
18.496	-4.88177	-31.0215
18.5073	-4.87973	-30.9717
18.5185	-4.87696	-30.9241
18.5298	-4.87504	-30.8745
18.541	-4.87318	-30.8251
18.5523	-4.87216	-30.7737
18.5635	-4.87039	-30.7247
18.5748	-4.86868	-30.6759
18.586	-4.86701	-30.6273
18.5973	-4.86538	-30.579
18.6086	-4.8638	-30.5308
18.6198	-4.86303	-30.4807
18.6311	-4.86153	-30.4331
18.6423	-4.86006	-30.3857
18.6536	-4.85864	-30.3386
18.6648	-4.85649	-30.294
18.6761	-4.85664	-30.2431
18.6873	-4.85531	-30.1969
18.6986	-4.85401	-30.1511
18.7099	-4.852	-30.1077
18.7211	-4.85075	-30.0625
18.7324	-4.85101	-30.0132
18.7436	-4.84981	-29.9687
18.7549	-4.8479	-29.9268
18.7661	-4.84674	-29.883
18.7774	-4.84561	-29.8396
18.7886	-4.84449	-29.7966
18.7999	-4.8441	-29.7518
18.8112	-4.84301	-29.7096
18.8224	-4.84121	-29.67
18.8337	-4.84086	-29.6265
18.8449	-4.83909	-29.5877
18.8562	-4.84014	-29.5406
18.8674	-4.83839	-29.5027
18.8787	-4.83665	-29.4653
18.8899	-4.83631	-29.4239
18.9012	-4.83458	-29.3874
18.9125	-4.83423	-29.3469
18.9237	-4.83388	-29.3069
18.935	-4.83216	-29.2718
18.9462	-4.8318	-29.2327
18.9575	-4.83007	-29.1985
18.9687	-4.8297	-29.1604
18.98	-4.82931	-29.1227
18.9912	-4.82757	-29.0899
19.0025	-4.82716	-29.0532
19.0138	-4.82541	-29.0214
19.025	-4.82365	-28.99
19.0363	-4.82453	-28.9503
19.0475	-4.82274	-28.9199
19.0588	-4.82095	-28.8899
19.07	-4.82045	-28.856
19.0813	-4.81862	-28.8269
19.0925	-4.81938	-28.7895
19.1038	-4.81752	-28.7614
19.1151	-4.81564	-28.7337
19.1263	-4.81503	-28.7021
19.1376	-4.81312	-28.6752
19.1488	-4.81246	-28.6445
19.1601	-4.81177	-28.6141
19.1713	-4.80979	-28.5886
19.1826	-4.80904	-28.559
19.1938	-4.80701	-28.5343
19.2051	-4.8062	-28.5056
19.2164	-4.80536	-28.4772
19.2276	-4.80325	-28.4536
19.2389	-4.80234	-28.426
19.2501	-4.80018	-28.4032
19.2614	-4.79798	-28.3807
19.2726	-4.79819	-28.3498
19.2839	-4.79593	-28.328
19.2951	-4.79363	-28.3065
19.3064	-4.79251	-28.281
19.3177	-4.79014	-28.2601
19.3289	-4.79014	-28.2308
19.3402	-4.7877	-28.2105
19.3514	-4.78523	-28.1904
19.3627	-4.78391	-28.1663
19.3739	-4.78137	-28.1468
19.3852	-4.77996	-28.1233
19.3964	-4.77851	-28.1
19.4077	-4.77584	-28.0812
19.419	-4.77429	-28.0583
19.4302	-4.77154	-28.0398
19.4415	-4.76991	-28.0173
19.4527	-4.76823	-27.9951
19.464	-4.76536	-27.9772
19.4752	-4.76359	-27.9552
19.4865	-4.76063	-27.9377
19.4977	-4.75763	-27.9203
19.509	-4.75685	-27.8946
19.5203	-4.75375	-27.8775
19.5315	-4.75062	-27.8604
19.5428	-4.74856	-27.8393
19.554	-4.74534	-27.8224
19.5653	-4.74429	-27.7973
19.5765	-4.74098	-27.7806
19.5878	-4.73763	-27.7639
19.599	-4.73534	-27.7433
19.6103	-4.7319	-27.7267
19.6216	-4.72951	-27.7062
19.6328	-4.72707	-27.6856
19.6441	-4.7235	-27.6692
19.6553	-4.72096	-27.6487
19.6666	-4.71731	-27.6323
19.6778	-4.71469	-27.6119
19.6891	-4.71202	-27.5915
19.7003	-4.70825	-27.5751
19.7116	-4.7055	-27.5547
19.7229	-4.70164	-27.5383
19.7341	-4.69776	-27.5218
19.7454	-4.69592	-27.4975
19.7566	-4.69195	-27.481
19.7679	-4.68795	-27.4644
19.7791	-4.68495	-27.4439
19.7904	-4.68088	-27.4273
19.8017	-4.67883	-27.4029
19.8129	-4.67469	-27.3861
19.8242	-4.67052	-27.3694
19.8354	-4.66734	-27.3487
19.8467	-4.66311	-27.3319
19.8579	-4.65986	-27.3112
19.8692	-4.65658	-27.2904
19.8804	-4.65227	-27.2733
19.8917	-4.64893	-27.2524
19.903	-4.64457	-27.2352
19.9142	-4.64118	-27.2142
19.9255	-4.63776	-27.1931
19.9367	-4.63335	-27.1757
19.948	-4.62989	-27.1546
19.9592	-4.62544	-27.1371
19.9705	-4.62098	-27.1195
19.9817	-4.61842	-27.0945
19.993	-4.61393	-27.0768
20.0043	-4.60943	-27.059
20.0155	-4.60587	-27.0375
20.0268	-4.60136	-27.0196
20.038	-4.59872	-26.9944
20.0493	-4.59419	-26.9764
20.0605	-4.58967	-26.9583
20.0718	-4.58607	-26.9366
20.083	-4.58155	-26.9184
20.0943	-4.57795	-26.8967
20.1056	-4.57435	-26.8749
20.1168	-4.56983	-26.8566
20.1281	-4.56623	-26.8348
20.1393	-4.56174	-26.8163
20.1506	-4.55815	-26.7944
20.1618	-4.55457	-26.7725
20.1731	-4.55011	-26.754
20.1843	-4.54655	-26.732
20.1956	-4.54212	-26.7135
20.2069	-4.53771	-26.6949
20.2181	-4.53506	-26.6696
20.2294	-4.53069	-26.651
20.2406	-4.52719	-26.629
20.2519	-4.52286	-26.6104
20.2631	-4.51855	-26.5917
20.2744	-4.51597	-26.5664
20.2856	-4.51172	-26.5477
20.2969	-4.50749	-26.529
20.3082	-4.50413	-26.5071
20.3194	-4.49997	-26.4884
20.3307	-4.49666	-26.4665
20.3419	-4.49338	-26.4447
20.3532	-4.4893	-26.426
20.3644	-4.48607	-26.4042
20.3757	-4.48205	-26.3856
20.3869	-4.47889	-26.3638
20.3982	-4.47575	-26.3421
20.4095	-4.47184	-26.3235
20.4207	-4.46877	-26.3019
20.432	-4.46493	-26.2834
20.4432	-4.46113	-26.2649
20.4545	-4.45894	-26.2405
20.4657	-4.45521	-26.2221
20.477	-4.45229	-26.2008
20.4882	-4.44863	-26.1825
20.4995	-4.445	-26.1642
20.5108	-4.44295	-26.1401
20.522	-4.43939	-26.122
20.5333	-4.43587	-26.104
20.5445	-4.43315	-26.0831
20.5558	-4.42969	-26.0652
20.567	-4.42702	-26.0445
20.5783	-4.42438	-26.0238
20.5895	-4.42102	-26.0062
20.6008	-4.41842	-25.9858
20.6121	-4.41512	-25.9683
20.6233	-4.41258	-25.9481
20.6346	-4.41007	-25.928
20.6458	-4.40685	-25.9108
20.6571	-4.40437	-25.891
20.6683	-4.40121	-25.874
20.6796	-4.39806	-25.8572
20.6908	-4.39636	-25.835
20.7021	-4.39325	-25.8185
20.7134	-4.39087	-25.7993
20.7246	-4.3878	-25.783
20.7359	-4.38476	-25.7669
20.7471	-4.38311	-25.7455
20.7584	-4.38009	-25.7297
20.7696	-4.37709	-25.7141
20.7809	-4.37478	-25.696
20.7921	-4.3718	-25.6807
20.8034	-4.3695	-25.663
20.8147	-4.36721	-25.6455
20.8259	-4.36425	-25.6308
20.8372	-4.36196	-25.6137
20.8484	-4.35901	-25.5995
20.8597	-4.35672	-25.5829
20.8709	-4.35443	-25.5665
20.8822	-4.35149	-25.553
20.8934	-4.34918	-25.5371
20.9047	-4.34623	-25.5241
20.916	-4.34328	-25.5113
20.9272	-4.34159	-25.4937
20.9385	-4.33862	-25.4814
20.9497	-4.33628	-25.4669
20.961	-4.3333	-25.4552
20.9722	-4.33031	-25.4437
20.9835	-4.32854	-25.4276
20.9947	-4.32553	-25.4167
21.006	-4.32251	-25.4061
21.0173	-4.32008	-25.3933
21.0285	-4.31703	-25.3833
21.0398	-4.31457	-25.3712
21.051	-4.31209	-25.3593
21.0623	-4.309	-25.3502
21.0735	-4.30648	-25.3389
21.0848	-4.30336	-25.3304
21.096	-4.30081	-25.3197
21.1073	-4.29823	-25.3094
21.1186	-4.29506	-25.3017
21.1298	-4.29245	-25.292
21.1411	-4.28924	-25.2849
21.1523	-4.28602	-25.278
21.1636	-4.28392	-25.2669
21.1748	-4.28066	-25.2606
21.1861	-4.27794	-25.2524
21.1973	-4.27464	-25.2466
21.2086	-4.27133	-25.2411
21.2199	-4.26911	-25.2314
21.2311	-4.26575	-25.2264
21.2424	-4.26238	-25.2216
21.2536	-4.25954	-25.2149
21.2649	-4.25613	-25.2106
21.2761	-4.25325	-25.2043
21.2874	-4.25034	-25.1982
21.2986	-4.24687	-25.1945
21.3099	-4.24391	-25.1888
21.3212	-4.2404	-25.1853
21.3324	-4.23741	-25.1799
21.3437	-4.23438	-25.1747
21.3549	-4.23081	-25.1717
21.3662	-4.22775	-25.1667
21.3774	-4.22414	-25.1638
21.3887	-4.22051	-25.161
21.4	-4.21789	-25.1543
21.4112	-4.21422	-25.1516
21.4225	-4.21104	-25.147
21.4337	-4.20732	-25.1443
21.445	-4.20359	-25.1417
21.4562	-4.20084	-25.1352
21.4675	-4.19706	-25.1325
21.4787	-4.19327	-25.1297
21.49	-4.18994	-25.125
21.5012	-4.18611	-25.1222
21.5125	-4.18322	-25.1155
21.5238	-4.17934	-25.1125
21.535	-4.17543	-25.1093
21.5463	-4.17199	-25.1043
21.5575	-4.16803	-25.1009
21.5688	-4.16453	-25.0955
21.58	-4.16101	-25.0901
21.5913	-4.15698	-25.0862
21.6026	-4.1534	-25.0804
21.6138	-4.14932	-25.0762
21.6251	-4.14523	-25.0717
21.6363	-4.14203	-25.0637
21.6476	-4.13788	-25.0588
21.6588	-4.13416	-25.0521
21.6701	-4.12996	-25.0468
21.6813	-4.12573	-25.0412
21.6926	-4.12237	-25.0322
21.7039	-4.11809	-25.0261
21.7151	-4.11379	-25.0198
21.7264	-4.1099	-25.0116
21.7376	-4.10554	-25.0047
21.7489	-4.10204	-24.9946
21.7601	-4.09764	-24.9871
21.7714	-4.09322	-24.9794
21.7826	-4.08921	-24.97
21.7939	-4.08474	-24.9617
21.8052	-4.08068	-24.9518
21.8164	-4.07659	-24.9415
21.8277	-4.07207	-24.9324
21.8389	-4.06795	-24.9216
21.8502	-4.0634	-24.9119
21.8614	-4.05884	-24.9019
21.8727	-4.05508	-24.889
21.8839	-4.0505	-24.8785
21.8952	-4.0463	-24.8665
21.9065	-4.04171	-24.8555
21.9177	-4.0371	-24.8442
21.929	-4.03327	-24.8302
21.9402	-4.02866	-24.8183
21.9515	-4.02405	-24.8062
21.9627	-4.01983	-24.7927
21.974	-4.01524	-24.7801
21.9852	-4.01141	-24.765
21.9965	-4.00683	-24.752
22.0078	-4.00227	-24.7388
22.019	-3.99809	-24.7243
22.0303	-3.99355	-24.7106
22.0415	-3.98939	-24.6956
22.0528	-3.98525	-24.6804
22.064	-3.98078	-24.6659
22.0753	-3.9767	-24.6503
22.0865	-3.9723	-24.6354
22.0978	-3.96794	-24.6204
22.1091	-3.96429	-24.6032
22.1203	-3.96	-24.5878
22.1316	-3.95608	-24.5712
22.1428	-3.95188	-24.5554
22.1541	-3.94772	-24.5393
22.1653	-3.94425	-24.5213
22.1766	-3.94019	-24.5047
22.1878	-3.93619	-24.488
22.1991	-3.93257	-24.4702
22.2104	-3.9287	-24.453
22.2216	-3.92551	-24.4341
22.2329	-3.92177	-24.4166
22.2441	-3.9181	-24.3989
22.2554	-3.91479	-24.3802
22.2666	-3.91126	-24.3621
22.2779	-3.90808	-24.3431
22.2891	-3.90498	-24.3239
22.3004	-3.90166	-24.3052
22.3117	-3.89871	-24.2855
22.3229	-3.89556	-24.2664
22.3342	-3.8925	-24.247
22.3454	-3.89005	-24.2262
22.3567	-3.88715	-24.2065
22.3679	-3.8846	-24.186
22.3792	-3.88186	-24.166
22.3904	-3.87921	-24.1458
22.4017	-3.87714	-24.1242
22.413	-3.87464	-24.1036
22.4242	-3.87224	-24.0827
22.4355	-3.87016	-24.0611
22.4467	-3.86793	-24.0399
22.458	-3.86625	-24.0175
22.4692	-3.8642	-23.996
22.4805	-3.86222	-23.9743
22.4917	-3.86056	-23.952
22.503	-3.85875	-23.9301
22.5143	-3.85723	-23.9076
22.5255	-3.85579	-23.8849
22.5368	-3.85421	-23.8626
22.548	-3.85292	-23.8397
22.5593	-3.85151	-23.8171
22.5705	-3.85019	-23.7945
22.5818	-3.84932	-23.7709
22.593	-3.84815	-23.7483
22.6043	-3.84723	-23.7251
22.6156	-3.84621	-23.7024
22.6268	-3.84525	-23.6798
22.6381	-3.8447	-23.6563
22.6493	-3.84387	-23.6336
22.6606	-3.84312	-23.611
22.6718	-3.84259	-23.5881
22.6831	-3.84198	-23.5656
22.6943	-3.84174	-23.5426
22.7056	-3.84125	-23.5205
22.7169	-3.84082	-23.4986
22.7281	-3.8406	-23.4765
22.7394	-3.84028	-23.455
22.7506	-3.84016	-23.4335
22.7619	-3.84008	-23.4121
22.7731	-3.83992	-23.3914
22.7844	-3.83995	-23.3706
22.7956	-3.83992	-23.3504
22.8069	-3.83993	-23.3307
22.8182	-3.84024	-23.3106
22.8294	-3.84036	-23.2917
22.8407	-3.84064	-23.2728
22.8519	-3.84086	-23.2548
22.8632	-3.84113	-23.2372
22.8744	-3.84165	-23.2194
22.8857	-3.84201	-23.2028
22.8969	-3.84243	-23.1866
22.9082	-3.84299	-23.1707
22.9195	-3.84352	-23.1556
22.9307	-3.84428	-23.1405
22.942	-3.84492	-23.1266
22.9532	-3.8456	-23.1134
22.9645	-3.84642	-23.1005
22.9757	-3.84721	-23.0887
22.987	-3.84812	-23.0771
22.9982	-3.84908	-23.0662
23.0095	-3.85001	-23.0563
23.0208	-3.85107	-23.0467
23.032	-3.85213	-23.0381
23.0433	-3.85324	-23.0302
23.0545	-3.85453	-23.0225
23.0658	-3.85575	-23.0161
23.077	-3.85708	-23.0101
23.0883	-3.85841	-23.0053
23.0995	-3.85978	-23.0012
23.1108	-3.8613	-22.9971
23.1221	-3.86276	-22.9944
23.1333	-3.86428	-22.9924
23.1446	-3.8659	-22.9907
23.1558	-3.86753	-22.99
23.1671	-3.86929	-22.9893
23.1783	-3.87103	-22.9901
23.1896	-3.87282	-22.9915
23.2008	-3.87469	-22.9934
23.2121	-3.87656	-22.9962
23.2234	-3.8785	-22.9994
23.2346	-3.88048	-23.0032
23.2459	-3.88246	-23.0078
23.2571	-3.88451	-23.0127
23.2684	-3.88658	-23.0186
23.2796	-3.88869	-23.0249
23.2909	-3.89088	-23.0312
23.3022	-3.89305	-23.0387
23.3134	-3.89528	-23.0464
23.3247	-3.8975	-23.0551
23.3359	-3.89975	-23.0643
23.3472	-3.90203	-23.0732
23.3584	-3.90429	-23.0834
23.3697	-3.90656	-23.0939
23.3809	-3.90886	-23.1045
23.3922	-3.91116	-23.1158
23.4035	-3.91347	-23.1269
23.4147	-3.91576	-23.1391
23.426	-3.91805	-23.1518
23.4372	-3.92033	-23.1645
23.4485	-3.92257	-23.178
23.4597	-3.92479	-23.1916
23.471	-3.92698	-23.2054
23.4822	-3.92912	-23.2199
23.4935	-3.93123	-23.2344
23.5048	-3.93331	-23.2495
23.516	-3.93534	-23.2651
23.5273	-3.93732	-23.28
23.5385	-3.93925	-23.2962
23.5498	-3.94111	-23.3123
23.561	-3.94291	-23.3293
23.5723	-3.94463	-23.3465
23.5835	-3.94626	-23.3631
23.5948	-3.94782	-23.3809
23.6061	-3.9493	-23.3989
23.6173	-3.9507	-23.4167
23.6286	-3.95203	-23.4354
23.6398	-3.95325	-23.4534
23.6511	-3.9544	-23.4727
23.6623	-3.95546	-23.4924
23.6736	-3.95641	-23.5121
23.6848	-3.95726	-23.5326
23.6961	-3.95799	-23.553
23.7074	-3.95861	-23.5737
23.7186	-3.95914	-23.5952
23.7299	-3.95956	-23.6166
23.7411	-3.95989	-23.6389
23.7524	-3.96011	-23.6616
23.7636	-3.96021	-23.6838
