1.62381	-0.40603	14.3094
1.63507	-0.416092	14.4642
1.64632	-0.425952	14.6206
1.65758	-0.435607	14.7784
1.66883	-0.445054	14.9376
1.68009	-0.454291	15.0979
1.69135	-0.463319	15.2593
1.7026	-0.472107	15.4216
1.71386	-0.480714	15.5846
1.72511	-0.489115	15.7482
1.73637	-0.497319	15.9124
1.74762	-0.505335	16.077
1.75888	-0.513174	16.2418
1.77014	-0.520842	16.4068
1.78139	-0.528345	16.5717
1.79265	-0.53569	16.7365
1.8039	-0.542889	16.9011
1.81516	-0.549916	17.0654
1.82641	-0.556849	17.2293
1.83767	-0.563666	17.3927
1.84892	-0.570383	17.5556
1.86018	-0.576975	17.7179
1.87144	-0.583532	17.8794
1.88269	-0.590031	18.0402
1.89395	-0.596484	18.2002
1.9052	-0.602904	18.3593
1.91646	-0.609304	18.5174
1.92771	-0.615694	18.6746
1.93897	-0.622046	18.8309
1.95023	-0.628452	18.9861
1.96148	-0.634886	19.1404
1.97274	-0.64136	19.2936
1.98399	-0.647889	19.4458
1.99525	-0.654486	19.597
2.0065	-0.661113	19.7473
2.01776	-0.667925	19.8964
2.02901	-0.674736	20.0447
2.04027	-0.681705	20.1919
2.05153	-0.688788	20.3382
2.06278	-0.695995	20.4836
2.07404	-0.703275	20.6281
2.08529	-0.710795	20.7716
2.09655	-0.718348	20.9145
2.1078	-0.726161	21.0565
2.11906	-0.734022	21.1979
2.13032	-0.742156	21.3386
2.14157	-0.750339	21.4786
2.15283	-0.758745	21.618
2.16408	-0.767259	21.757
2.17534	-0.77606	21.8952
2.18659	-0.784907	22.0331
2.19785	-0.794039	22.1704
2.2091	-0.803212	22.3076
2.22036	-0.812552	22.4443
2.23162	-0.822185	22.5808
2.24287	-0.831859	22.7171
2.25413	-0.841823	22.853
2.26538	-0.85182	22.9889
2.27664	-0.862035	23.1246
2.28789	-0.872334	23.2603
2.29915	-0.882915	23.3957
2.31041	-0.893493	23.5311
2.32166	-0.904342	23.6665
2.33292	-0.915178	23.8019
2.34417	-0.926281	23.9374
2.35543	-0.937288	24.073
2.36668	-0.948628	24.2085
2.37794	-0.95993	24.3442
2.38919	-0.97148	24.4799
2.40045	-0.982974	24.6157
2.41171	-0.994705	24.7515
2.42296	-1.00636	24.8875
2.43422	-1.01825	25.0235
2.44547	-1.03005	25.1597
2.45673	-1.04206	25.2959
2.46798	-1.05397	25.4323
2.47924	-1.06593	25.5687
2.4905	-1.0781	25.7051
2.50175	-1.09014	25.8417
2.51301	-1.10239	25.9781
2.52426	-1.1145	26.1147
2.53552	-1.1268	26.2512
2.54677	-1.13895	26.3877
2.55803	-1.15112	26.5242
2.56928	-1.1633	26.6607
2.58054	-1.17566	26.7969
2.5918	-1.18786	26.9332
2.60305	-1.20024	27.0691
2.61431	-1.21245	27.2051
2.62556	-1.22484	27.3407
2.63682	-1.23705	27.4763
2.64807	-1.24945	27.6115
2.65933	-1.26165	27.7466
2.67059	-1.27405	27.8812
2.68184	-1.28625	28.0157
2.6931	-1.29864	28.1497
2.70435	-1.31084	28.2836
2.71561	-1.32304	28.4171
2.72686	-1.33544	28.5501
2.73812	-1.34763	28.6828
2.74937	-1.36004	28.8149
2.76063	-1.37224	28.9469
2.77189	-1.38466	29.0782
2.78314	-1.39688	29.2093
2.7944	-1.40911	29.3399
2.80565	-1.42135	29.4701
2.81691	-1.43382	29.5997
2.82816	-1.4461	29.7289
2.83942	-1.45861	29.8576
2.85068	-1.47092	29.986
2.86193	-1.48348	30.1138
2.87319	-1.49585	30.2414
2.88444	-1.50847	30.3683
2.8957	-1.5209	30.495
2.90695	-1.53358	30.6212
2.91821	-1.54609	30.7471
2.92946	-1.55885	30.8725
2.94072	-1.57144	30.9977
2.95198	-1.58407	31.1225
2.96323	-1.59697	31.2469
2.97449	-1.60969	31.371
2.98574	-1.6227	31.4948
2.997	-1.63552	31.6184
3.00825	-1.64839	31.7418
3.01951	-1.66156	31.8648
3.03077	-1.67453	31.9877
3.04202	-1.68757	32.1105
3.05328	-1.7009	32.2329
3.06453	-1.71404	32.3553
3.07579	-1.72749	32.4775
3.08704	-1.74075	32.5997
3.0983	-1.75432	32.7216
3.10955	-1.76769	32.8436
3.12081	-1.78136	32.9654
3.13207	-1.79484	33.0874
3.14332	-1.80863	33.2091
3.15458	-1.82221	33.3311
3.16583	-1.83611	33.4528
3.17709	-1.84979	33.5748
3.18834	-1.86353	33.6969
3.1996	-1.87757	33.8189
3.21086	-1.8914	33.9411
3.22211	-1.90555	34.0632
3.23337	-1.91947	34.1856
3.24462	-1.93343	34.3081
3.25588	-1.94743	34.4307
3.26713	-1.96174	34.5533
3.27839	-1.97582	34.6762
3.28964	-1.99021	34.799
3.3009	-2.00436	34.9222
3.31216	-2.01883	35.0453
3.32341	-2.03305	35.1688
3.33467	-2.04759	35.2922
3.34592	-2.06187	35.4159
3.35718	-2.07648	35.5396
3.36843	-2.09082	35.6635
3.37969	-2.10549	35.7874
3.39095	-2.11989	35.9117
3.4022	-2.13461	36.0358
3.41346	-2.14907	36.1602
3.42471	-2.16356	36.2847
3.43597	-2.17838	36.4091
3.44722	-2.19292	36.5338
3.45848	-2.20779	36.6583
3.46973	-2.22239	36.7831
3.48099	-2.23702	36.9079
3.49225	-2.25168	37.0328
3.5035	-2.26668	37.1574
3.51476	-2.2814	37.2822
3.52601	-2.29647	37.4069
3.53727	-2.31125	37.5317
3.54852	-2.32639	37.6563
3.55978	-2.34125	37.781
3.57104	-2.35647	37.9055
3.58229	-2.37141	38.0302
3.59355	-2.38671	38.1546
3.6048	-2.40174	38.2791
3.61606	-2.41714	38.4033
3.62731	-2.43227	38.5276
3.63857	-2.44777	38.6516
3.64982	-2.463	38.7756
3.66108	-2.47862	38.8994
3.67234	-2.49396	39.0232
3.68359	-2.50936	39.147
3.69485	-2.52517	39.2704
3.7061	-2.54071	39.3938
3.71736	-2.55631	39.5171
3.72861	-2.57199	39.6403
3.73987	-2.58809	39.7631
3.75113	-2.60391	39.886
3.76238	-2.62017	40.0084
3.77364	-2.63616	40.131
3.78489	-2.65259	40.2532
3.79615	-2.66874	40.3754
3.8074	-2.68535	40.4973
3.81866	-2.70168	40.6193
3.82991	-2.71848	40.7409
3.84117	-2.735	40.8625
3.85243	-2.75199	40.9838
3.86368	-2.76871	41.1052
3.87494	-2.7859	41.2262
3.88619	-2.80281	41.3472
3.89745	-2.8202	41.468
3.9087	-2.83731	41.5888
3.91996	-2.85452	41.7095
3.93122	-2.87184	41.8301
3.94247	-2.88927	41.9506
3.95373	-2.90719	42.0707
3.96498	-2.92482	42.191
3.97624	-2.94296	42.3109
3.98749	-2.9608	42.4309
3.99875	-2.97915	42.5506
4.01	-2.9972	42.6704
4.02126	-3.01536	42.7901
4.03252	-3.03443	42.9093
4.04377	-3.0528	43.0289
4.05503	-3.07128	43.1484
4.06628	-3.08987	43.2678
4.07754	-3.10938	43.3867
4.08879	-3.12819	43.5058
4.10005	-3.14708	43.6249
4.11131	-3.16609	43.7439
4.12256	-3.1856	43.8625
4.13382	-3.20523	43.981
4.14507	-3.22453	44.0997
4.15633	-3.24392	44.2183
4.16758	-3.26342	44.3367
4.17884	-3.28344	44.4548
4.19009	-3.30313	44.573
4.20135	-3.32293	44.691
4.21261	-3.34281	44.8089
4.22386	-3.36366	44.9261
4.23512	-3.38372	45.0436
4.24637	-3.40388	45.1609
4.25763	-3.42412	45.2781
4.26888	-3.44534	45.3946
4.28014	-3.46575	45.5113
4.2914	-3.48625	45.6279
4.30265	-3.50684	45.7443
4.31391	-3.52843	45.8599
4.32516	-3.54919	45.9758
4.33642	-3.57004	46.0914
4.34767	-3.59096	46.2067
4.35893	-3.61243	46.3215
4.37018	-3.63351	46.4362
4.38144	-3.65515	46.5504
4.3927	-3.67638	46.6645
4.40395	-3.6977	46.7784
4.41521	-3.71958	46.8917
4.42646	-3.74106	47.0049
4.43772	-3.76262	47.1178
4.44897	-3.78426	47.2303
4.46023	-3.80695	47.3419
4.47149	-3.82874	47.4536
4.48274	-3.85061	47.5649
4.494	-3.87256	47.6758
4.50525	-3.89557	47.7858
4.51651	-3.91766	47.8959
4.52776	-3.93984	48.0057
4.53902	-3.96209	48.115
4.55027	-3.98543	48.2233
4.56153	-4.00784	48.3318
4.57279	-4.03033	48.4398
4.58404	-4.05289	48.5473
4.5953	-4.07604	48.654
4.60655	-4.09875	48.7607
4.61781	-4.12154	48.8668
4.62906	-4.14439	48.9725
4.64032	-4.16784	49.0774
4.65158	-4.19138	49.182
4.66283	-4.21446	49.2863
4.67409	-4.23762	49.3902
4.68534	-4.26086	49.4935
4.6966	-4.28524	49.5959
4.70785	-4.30862	49.6983
4.71911	-4.33261	49.8
4.73037	-4.35559	49.9018
4.74162	-4.37973	50.0025
4.75288	-4.40394	50.1029
4.76413	-4.42711	50.2034
4.77539	-4.45147	50.3028
4.78664	-4.47591	50.4018
4.7979	-4.50042	50.5004
4.80915	-4.52387	50.5991
4.82041	-4.54852	50.6967
4.83167	-4.57324	50.794
4.84292	-4.59802	50.8908
4.85418	-4.62173	50.9878
4.86543	-4.64665	51.0837
4.87669	-4.67048	51.1799
4.88794	-4.69669	51.2745
4.8992	-4.72065	51.3699
4.91046	-4.74584	51.4643
4.92171	-4.76991	51.5589
4.93297	-4.79522	51.6524
4.94422	-4.82059	51.7456
4.95548	-4.84602	51.8383
4.96673	-4.87031	51.9314
4.97799	-4.89585	52.0234
4.98924	-4.92145	52.1151
5.0005	-4.94589	52.2071
5.01176	-4.97159	52.298
5.02301	-4.99736	52.3887
5.03427	-5.02318	52.4789
5.04552	-5.04782	52.5695
5.05678	-5.07374	52.6591
5.06803	-5.09971	52.7483
5.07929	-5.12572	52.8372
5.09055	-5.15053	52.9265
5.1018	-5.17663	53.0147
5.11306	-5.20151	53.1034
5.12431	-5.22898	53.1903
5.13557	-5.25395	53.2785
5.14682	-5.28024	53.3655
5.15808	-5.30528	53.4531
5.16933	-5.33166	53.5395
5.18059	-5.35808	53.6257
5.19185	-5.38455	53.7116
5.2031	-5.40973	53.798
5.21436	-5.43627	53.8833
5.22561	-5.46285	53.9683
5.23687	-5.48813	54.0539
5.24812	-5.51479	54.1385
5.25938	-5.54149	54.2228
5.27064	-5.56824	54.3068
5.28189	-5.59367	54.3915
5.29315	-5.62049	54.475
5.3044	-5.64736	54.5582
5.31566	-5.67426	54.6412
5.32691	-5.69982	54.7248
5.33817	-5.7268	54.8074
5.34942	-5.75242	54.8906
5.36068	-5.78086	54.9718
5.37194	-5.80656	55.0546
5.38319	-5.8337	55.1362
5.39445	-5.85947	55.2186
5.4057	-5.88668	55.2998
5.41696	-5.91394	55.3808
5.42821	-5.93981	55.4625
5.43947	-5.96714	55.5431
5.45073	-5.99452	55.6235
5.46198	-6.02194	55.7037
5.47324	-6.04794	55.7847
5.48449	-6.07544	55.8645
5.49575	-6.103	55.9442
5.507	-6.1306	56.0237
5.51826	-6.15676	56.104
5.52951	-6.18445	56.1831
5.54077	-6.21219	56.2621
5.55203	-6.23998	56.3409
5.56328	-6.26631	56.4205
5.57454	-6.29419	56.499
5.58579	-6.3206	56.5783
5.59705	-6.35011	56.6555
5.6083	-6.37662	56.7345
5.61956	-6.40472	56.8124
5.63082	-6.43134	56.8911
5.64207	-6.45955	56.9687
5.65333	-6.48781	57.046
5.66458	-6.51458	57.1243
5.67584	-6.54295	57.2013
5.68709	-6.5714	57.2782
5.69835	-6.5999	57.3549
5.7096	-6.62688	57.4326
5.72086	-6.65551	57.5091
5.73212	-6.68422	57.5854
5.74337	-6.71299	57.6614
5.75463	-6.74022	57.7385
5.76588	-6.76913	57.8142
5.77714	-6.79812	57.8898
5.78839	-6.82718	57.9652
5.79965	-6.85467	58.0415
5.81091	-6.88387	58.1166
5.82216	-6.91315	58.1914
5.83342	-6.94252	58.2661
5.84467	-6.9703	58.3418
5.85593	-6.99984	58.4161
5.86718	-7.02778	58.4915
5.87844	-7.05748	58.5654
5.88969	-7.08729	58.6391
5.90095	-7.11547	58.7138
5.91221	-7.14545	58.787
5.92346	-7.17553	58.8601
5.93472	-7.2057	58.9329
5.94597	-7.23425	59.0067
5.95723	-7.26463	59.0791
5.96848	-7.29512	59.1513
5.97974	-7.32572	59.2232
5.991	-7.35467	59.2961
6.00225	-7.38549	59.3674
6.01351	-7.41643	59.4384
6.02476	-7.44749	59.5092
6.03602	-7.47687	59.581
6.04727	-7.50816	59.6511
6.05853	-7.53957	59.721
6.06978	-7.57112	59.7906
6.08104	-7.60097	59.8613
6.0923	-7.63277	59.9302
6.10355	-7.66287	60.0002
6.11481	-7.69494	60.0685
6.12606	-7.72715	60.1365
6.13732	-7.75763	60.2055
6.14857	-7.79012	60.2727
6.15983	-7.82275	60.3395
6.17109	-7.85553	60.406
6.18234	-7.88656	60.4736
6.1936	-7.91964	60.5394
6.20485	-7.95287	60.6047
6.21611	-7.98626	60.6697
6.22736	-8.01788	60.7358
6.23862	-8.05159	60.7999
6.24987	-8.08546	60.8636
6.26113	-8.11951	60.9269
6.27239	-8.15174	60.9913
6.28364	-8.1861	61.0537
6.2949	-8.22064	61.1157
6.30615	-8.25536	61.1772
6.31741	-8.28825	61.2399
6.32866	-8.32331	61.3005
6.33992	-8.35653	61.3622
6.35118	-8.39196	61.4218
6.36243	-8.42756	61.4809
6.37369	-8.4613	61.5412
6.38494	-8.49726	61.5993
6.3962	-8.53342	61.6568
6.40745	-8.56976	61.7138
6.41871	-8.60421	61.772
6.42997	-8.64093	61.8279
6.44122	-8.67785	61.8833
6.45248	-8.71496	61.938
6.46373	-8.75014	61.994
6.47499	-8.78764	62.0476
6.48624	-8.82534	62.1005
6.4975	-8.86323	62.1528
6.50875	-8.89915	62.2063
6.52001	-8.93744	62.2573
6.53127	-8.97593	62.3078
6.54252	-9.01242	62.3594
6.55378	-9.05131	62.4085
6.56503	-9.09041	62.4569
6.57629	-9.12748	62.5065
6.58754	-9.16698	62.5535
6.5988	-9.20669	62.5997
6.61005	-9.24434	62.6472
6.62131	-9.28446	62.6918
6.63257	-9.32478	62.7358
6.64382	-9.36531	62.779
6.65508	-9.40374	62.8235
6.66633	-9.4447	62.8651
6.67759	-9.48586	62.9059
6.68884	-9.52725	62.9458
6.7001	-9.56649	62.9872
6.71136	-9.6083	63.0253
6.72261	-9.65032	63.0626
6.73387	-9.69255	63.0989
6.74512	-9.73259	63.1367
6.75638	-9.77524	63.1713
6.76763	-9.81811	63.2049
6.77889	-9.85875	63.2399
6.79014	-9.90206	63.2716
6.8014	-9.94311	63.3049
6.81266	-9.98684	63.3346
6.82391	-10.0308	63.3632
6.83517	-10.075	63.3907
6.84642	-10.1168	63.4198
6.85768	-10.1614	63.4453
6.86893	-10.2063	63.4696
6.88019	-10.2513	63.4928
6.89145	-10.294	63.5177
6.9027	-10.3395	63.5388
6.91396	-10.3852	63.5586
6.92521	-10.4311	63.5773
6.93647	-10.4746	63.5977
6.94772	-10.521	63.614
6.95898	-10.5675	63.6291
6.97023	-10.6144	63.6429
6.98149	-10.6587	63.6585
6.99275	-10.7059	63.6698
7.004	-10.7534	63.6799
7.01526	-10.7984	63.692
7.02651	-10.8463	63.6996
7.03777	-10.8916	63.7091
7.04902	-10.94	63.714
7.06028	-10.9886	63.7176
7.07154	-11.0374	63.7197
7.08279	-11.0836	63.7239
7.09405	-11.1329	63.7234
7.1053	-11.1824	63.7214
7.11656	-11.2321	63.718
7.12781	-11.2791	63.7168
7.13907	-11.3293	63.7106
7.15032	-11.3797	63.7029
7.16158	-11.4303	63.6937
7.17284	-11.4782	63.6869
7.18409	-11.5293	63.6747
7.19535	-11.5806	63.6609
7.2066	-11.6322	63.6455
7.21786	-11.681	63.6328
7.22911	-11.7329	63.6145
7.24037	-11.7852	63.5945
7.25163	-11.8346	63.5774
7.26288	-11.8873	63.5543
7.27414	-11.9371	63.534
7.28539	-11.9903	63.5077
7.29665	-12.0437	63.4797
7.3079	-12.0973	63.45
7.31916	-12.148	63.4233
7.33042	-12.2021	63.3904
7.34167	-12.2564	63.3557
7.35293	-12.311	63.3194
7.36418	-12.3626	63.2863
7.37544	-12.4177	63.2466
7.38669	-12.473	63.2051
7.39795	-12.5285	63.1618
7.4092	-12.581	63.122
7.42046	-12.6371	63.0751
7.43172	-12.6934	63.0264
7.44297	-12.7499	62.9758
7.45423	-12.8033	62.9292
7.46548	-12.8604	62.8751
7.47674	-12.9177	62.8192
7.48799	-12.9718	62.7673
7.49925	-13.0297	62.7077
7.51051	-13.0843	62.6523
7.52176	-13.1426	62.5888
7.53302	-13.2012	62.5233
7.54427	-13.2601	62.4558
7.55553	-13.3157	62.393
7.56678	-13.3751	62.3217
7.57804	-13.4348	62.2484
7.58929	-13.4947	62.1731
7.60055	-13.5513	62.1029
7.61181	-13.6119	62.0237
7.62306	-13.6727	61.9423
7.63432	-13.7338	61.8588
7.64557	-13.7915	61.7808
7.65683	-13.8532	61.6931
7.66808	-13.9152	61.6033
7.67934	-13.9775	61.5113
7.6906	-14.0362	61.4254
7.70185	-14.0991	61.3292
7.71311	-14.1623	61.2309
7.72436	-14.2219	61.1389
7.73562	-14.2857	61.0363
7.74687	-14.3459	60.9401
7.75813	-14.4104	60.8329
7.76938	-14.4752	60.7234
7.78064	-14.5403	60.6116
7.7919	-14.6017	60.5068
7.80315	-14.6674	60.3904
7.81441	-14.7335	60.2715
7.82566	-14.8	60.1502
7.83692	-14.8626	60.0365
7.84817	-14.9298	59.9104
7.85943	-14.9973	59.7817
7.87069	-15.0652	59.6503
7.88194	-15.1292	59.5272
7.8932	-15.1978	59.3906
7.90445	-15.2667	59.2515
7.91571	-15.3317	59.1208
7.92696	-15.4014	58.9763
7.93822	-15.4715	58.8289
7.94947	-15.5419	58.6786
7.96073	-15.6083	58.5376
7.97199	-15.6795	58.3816
7.98324	-15.7467	58.2351
7.9945	-15.8186	58.073
8.00575	-15.891	57.9077
8.01701	-15.9592	57.7526
8.02826	-16.0324	57.581
8.03952	-16.1106	57.3922
8.05078	-16.1753	57.2418
8.06203	-16.2544	57.0457
8.07329	-16.3293	56.8602
8.08454	-16.3998	56.6857
8.0958	-16.4755	56.4929
8.10705	-16.5467	56.3116
8.11831	-16.6232	56.1111
8.12956	-16.7002	55.9065
8.14082	-16.7727	55.7141
8.15208	-16.8505	55.5012
8.16333	-16.9337	55.267
8.17459	-17.0024	55.0796
8.18584	-17.0865	54.8358
8.1971	-17.1611	54.6225
8.20835	-17.2411	54.3865
8.21961	-17.3215	54.1455
8.23087	-17.3973	53.9182
8.24212	-17.4786	53.6669
8.25338	-17.5552	53.4298
8.26463	-17.6374	53.1677
8.27589	-17.7254	52.8789
8.28714	-17.7979	52.6463
8.2984	-17.8868	52.345
8.30965	-17.9708	52.0582
8.32091	-18.0499	51.787
8.33217	-18.1348	51.4872
8.34342	-18.2147	51.2036
8.35468	-18.3004	50.8899
8.36593	-18.3866	50.5689
8.37719	-18.4677	50.2648
8.38844	-18.5547	49.9286
8.3997	-18.6476	49.5587
8.41096	-18.7243	49.2579
8.42221	-18.8181	48.8706
8.43347	-18.8954	48.5549
8.44472	-18.99	48.1491
8.45598	-19.0793	47.7611
8.46723	-19.1633	47.3925
8.47849	-19.2533	46.9854
8.48975	-19.3378	46.5982
8.501	-19.4284	46.1711
8.51226	-19.5251	45.7015
8.52351	-19.6046	45.3161
8.53477	-19.7018	44.8234
8.54602	-19.7934	44.3511
8.55728	-19.8793	43.9012
8.56853	-19.9712	43.4053
8.57979	-20.0574	42.9325
8.59105	-20.1495	42.4115
8.6023	-20.2416	41.8772
8.61356	-20.3279	41.3673
8.62481	-20.42	40.8061
8.63607	-20.5179	40.1907
8.64732	-20.5981	39.6811
8.65858	-20.6956	39.0354
8.66984	-20.7754	38.5
8.68109	-20.8723	37.8226
8.69235	-20.963	37.1717
8.7036	-21.0475	36.5497
8.71486	-21.1373	35.8671
8.72611	-21.2208	35.2148
8.73737	-21.3092	34.4994
8.74862	-21.4025	33.7178
8.75988	-21.4782	33.0671
8.77114	-21.5696	32.2495
8.78239	-21.6543	31.4645
8.79365	-21.7326	30.7145
8.8049	-21.8149	29.8945
8.81616	-21.8908	29.1116
8.82741	-21.9703	28.2564
8.83867	-22.0482	27.3831
8.84993	-22.1194	26.5499
8.86118	-22.1937	25.6417
8.87244	-22.2706	24.6553
8.88369	-22.3316	23.8333
8.89495	-22.4039	22.8111
8.9062	-22.4609	21.9596
8.91746	-22.5281	20.9028
8.92871	-22.5883	19.8928
8.93997	-22.642	18.933
8.95123	-22.6966	17.8929
8.96248	-22.7447	16.9058
8.97374	-22.7931	15.838
8.98499	-22.8411	14.688
8.99625	-22.8769	13.7338
9.0075	-22.9176	12.5594
9.01876	-22.9519	11.4445
9.03001	-22.9802	10.3916
9.04127	-23.007	9.25909
9.05253	-23.0281	8.19168
9.06378	-23.0471	7.04594
9.07504	-23.062	5.89506
9.08629	-23.0717	4.81369
9.09755	-23.0785	3.65668
9.1088	-23.0815	2.42477
9.12006	-23.079	1.41344
9.13132	-23.0735	0.182589
9.14257	-23.0637	-0.825529
9.15383	-23.0496	-2.05036
9.16508	-23.0314	-3.19695
9.17634	-23.0101	-4.26499
9.18759	-22.984	-5.39871
9.19885	-22.9553	-6.45236
9.2101	-22.9217	-7.56884
9.22136	-22.8825	-8.74546
9.23262	-22.8451	-9.69916
9.24387	-22.7984	-10.8515
9.25513	-22.7503	-11.9205
9.26638	-22.7015	-12.9076
9.27764	-22.647	-13.9488
9.28889	-22.5924	-14.9083
9.30015	-22.5321	-15.9191
9.31141	-22.469	-16.9133
9.32266	-22.4066	-17.8269
9.33392	-22.3385	-18.7877
9.34517	-22.2644	-19.7926
9.35643	-22.1991	-20.595
9.36768	-22.1205	-21.5627
9.37894	-22.0517	-22.3333
9.39019	-21.9692	-23.2633
9.40145	-21.889	-24.1158
9.41271	-21.8159	-24.8378
9.42396	-21.7241	-25.7651
9.43522	-21.6485	-26.454
9.44647	-21.563	-27.2344
9.45773	-21.4763	-27.9964
9.46898	-21.3887	-28.7404
9.48024	-21.3003	-29.4664
9.4915	-21.211	-30.1747
9.50275	-21.1308	-30.7693
9.51401	-21.0404	-31.4448
9.52526	-20.9495	-32.1034
9.53652	-20.8583	-32.7454
9.54777	-20.7666	-33.3709
9.55903	-20.6748	-33.9804
9.57028	-20.5827	-34.5741
9.58154	-20.4906	-35.1524
9.5928	-20.4086	-35.6337
9.60405	-20.3164	-36.184
9.61531	-20.2244	-36.7198
9.62656	-20.1324	-37.2416
9.63782	-20.0406	-37.7497
9.64907	-19.9593	-38.1701
9.66033	-19.8578	-38.726
9.67159	-19.777	-39.1236
9.68284	-19.6864	-39.5816
9.6941	-19.5961	-40.0275
9.70535	-19.5063	-40.4617
9.71661	-19.4169	-40.8845
9.72786	-19.3279	-41.2961
9.73912	-19.2495	-41.6335
9.75037	-19.1616	-42.0251
9.76163	-19.0742	-42.4065
9.77289	-18.9873	-42.7778
9.78414	-18.901	-43.1396
9.7954	-18.8252	-43.4343
9.80665	-18.7303	-43.8354
9.81791	-18.6458	-44.1699
9.82916	-18.5718	-44.4412
9.84042	-18.4886	-44.7599
9.85168	-18.406	-45.0703
9.86293	-18.3241	-45.373
9.87419	-18.2429	-45.6681
9.88544	-18.1719	-45.9057
9.8967	-18.0825	-46.2361
9.90795	-18.0128	-46.4615
9.91921	-17.9343	-46.7291
9.93046	-17.8565	-46.9901
9.94172	-17.7793	-47.2449
9.95298	-17.7029	-47.4934
9.96423	-17.6271	-47.7359
9.97549	-17.5612	-47.9291
9.98674	-17.4868	-48.1609
9.998	-17.4131	-48.3872
10.0093	-17.34	-48.6082
10.0205	-17.2677	-48.8242
10.0318	-17.2049	-48.9949
10.043	-17.125	-49.2411
10.0543	-17.0547	-49.4424
10.0655	-16.9938	-49.6009
10.0768	-16.9247	-49.7939
10.088	-16.8563	-49.9825
10.0993	-16.7886	-50.167
10.1106	-16.7215	-50.3474
10.1218	-16.6635	-50.4885
10.1331	-16.5891	-50.6966
10.1443	-16.5239	-50.8657
10.1556	-16.4677	-50.9973
10.1668	-16.4037	-51.1598
10.1781	-16.3402	-51.3189
10.1893	-16.2773	-51.4747
10.2006	-16.2151	-51.6274
10.2119	-16.1616	-51.7455
10.2231	-16.1004	-51.8925
10.2344	-16.0398	-52.0367
10.2456	-15.9797	-52.1782
10.2569	-15.9202	-52.317
10.2681	-15.8692	-52.4236
10.2794	-15.8028	-52.5867
10.2906	-15.7448	-52.7178
10.3019	-15.6952	-52.8183
10.3132	-15.6382	-52.9451
10.3244	-15.5818	-53.0697
10.3357	-15.5258	-53.1921
10.3469	-15.4702	-53.3124
10.3582	-15.4228	-53.4043
10.3694	-15.3606	-53.5472
10.3807	-15.3064	-53.6617
10.3919	-15.2602	-53.749
10.4032	-15.2068	-53.8602
10.4145	-15.1539	-53.9698
10.4257	-15.1014	-54.0776
10.437	-15.0493	-54.1839
10.4482	-15.005	-54.2646
10.4595	-14.9536	-54.3682
10.4707	-14.9027	-54.4702
10.482	-14.8521	-54.5709
10.4932	-14.8019	-54.6702
10.5045	-14.7592	-54.7457
10.5158	-14.7025	-54.8648
10.527	-14.6533	-54.9603
10.5383	-14.6115	-55.033
10.5495	-14.563	-55.1263
10.5608	-14.5148	-55.2185
10.572	-14.4669	-55.3096
10.5833	-14.4193	-55.3996
10.5945	-14.3789	-55.4683
10.6058	-14.325	-55.5767
10.6171	-14.2784	-55.6638
10.6283	-14.2387	-55.7302
10.6396	-14.1926	-55.8156
10.6508	-14.1467	-55.9001
10.6621	-14.101	-55.9837
10.6733	-14.0557	-56.0664
10.6846	-14.0172	-56.1297
10.6958	-13.9723	-56.2109
10.7071	-13.9277	-56.2914
10.7184	-13.8833	-56.371
10.7296	-13.8391	-56.4498
10.7409	-13.8017	-56.5104
10.7521	-13.7515	-56.6051
10.7634	-13.708	-56.6816
10.7746	-13.6711	-56.7404
10.7859	-13.628	-56.8155
10.7971	-13.5851	-56.8899
10.8084	-13.5424	-56.9635
10.8197	-13.4999	-57.0363
10.8309	-13.4639	-57.0925
10.8422	-13.4155	-57.1798
10.8534	-13.3736	-57.2504
10.8647	-13.338	-57.3049
10.8759	-13.2964	-57.3741
10.8872	-13.255	-57.4426
10.8984	-13.2138	-57.5103
10.9097	-13.1727	-57.5772
10.921	-13.1378	-57.6288
10.9322	-13.0971	-57.6943
10.9435	-13.0564	-57.759
10.9547	-13.016	-57.823
10.966	-12.9757	-57.8861
10.9772	-12.9414	-57.9347
10.9885	-12.8955	-58.0098
10.9997	-12.8556	-58.0704
11.011	-12.8217	-58.1169
11.0223	-12.7821	-58.1759
11.0335	-12.7426	-58.234
11.0448	-12.7033	-58.2913
11.056	-12.6641	-58.3476
11.0673	-12.6307	-58.3908
11.0785	-12.5861	-58.4578
11.0898	-12.5472	-58.5115
11.1011	-12.5142	-58.5522
11.1123	-12.4756	-58.6041
11.1236	-12.4371	-58.6551
11.1348	-12.3987	-58.7052
11.1461	-12.3605	-58.7542
11.1573	-12.3279	-58.791
11.1686	-12.2899	-58.8382
11.1798	-12.252	-58.8844
11.1911	-12.2142	-58.9297
11.2024	-12.1765	-58.9739
11.2136	-12.1443	-59.0065
11.2249	-12.1014	-59.0593
11.2361	-12.0641	-59.1004
11.2474	-12.0321	-59.1302
11.2586	-11.995	-59.1694
11.2699	-11.9579	-59.2075
11.2811	-11.921	-59.2445
11.2924	-11.8842	-59.2805
11.3037	-11.8527	-59.3057
11.3149	-11.8109	-59.3494
11.3262	-11.7744	-59.3821
11.3374	-11.7431	-59.4045
11.3487	-11.7068	-59.4352
11.3599	-11.6707	-59.4648
11.3712	-11.6346	-59.4934
11.3824	-11.5986	-59.5209
11.3937	-11.5679	-59.5384
11.405	-11.5321	-59.5639
11.4162	-11.4965	-59.5882
11.4275	-11.461	-59.6115
11.4387	-11.4256	-59.6336
11.45	-11.3953	-59.6464
11.4612	-11.3552	-59.6748
11.4725	-11.3202	-59.6937
11.4837	-11.2902	-59.7034
11.495	-11.2554	-59.7203
11.5063	-11.2207	-59.7361
11.5175	-11.1862	-59.7509
11.5288	-11.1518	-59.7645
11.54	-11.1223	-59.7695
11.5513	-11.0834	-59.7887
11.5625	-11.0494	-59.7992
11.5738	-11.0203	-59.8013
11.585	-10.9866	-59.8097
11.5963	-10.953	-59.8172
11.6076	-10.9196	-59.8236
11.6188	-10.8863	-59.829
11.6301	-10.8578	-59.8263
11.6413	-10.8248	-59.8297
11.6526	-10.7919	-59.8322
11.6638	-10.7592	-59.8336
11.6751	-10.7267	-59.834
11.6863	-10.6989	-59.8267
11.6976	-10.6621	-59.8319
11.7089	-10.6301	-59.8293
11.7201	-10.6027	-59.8193
11.7314	-10.571	-59.815
11.7426	-10.5394	-59.8096
11.7539	-10.508	-59.8034
11.7651	-10.4768	-59.7962
11.7764	-10.4502	-59.7819
11.7876	-10.4149	-59.779
11.7989	-10.3843	-59.7691
11.8102	-10.3581	-59.7523
11.8214	-10.3278	-59.7406
11.8327	-10.2976	-59.7281
11.8439	-10.2677	-59.7147
11.8552	-10.2379	-59.7005
11.8664	-10.2126	-59.6797
11.8777	-10.1832	-59.6639
11.8889	-10.154	-59.6472
11.9002	-10.125	-59.6297
11.9115	-10.0961	-59.6115
11.9227	-10.0717	-59.587
11.934	-10.0391	-59.5727
11.9452	-10.0108	-59.5521
11.9565	-9.98691	-59.5255
11.9677	-9.95906	-59.5035
11.979	-9.93141	-59.4808
11.9902	-9.90396	-59.4574
12.0015	-9.87671	-59.4334
12.0128	-9.85368	-59.4035
12.024	-9.82682	-59.3782
12.0353	-9.79618	-59.3572
12.0465	-9.77372	-59.3256
12.0578	-9.74747	-59.2984
12.069	-9.72143	-59.2706
12.0803	-9.69559	-59.2422
12.0915	-9.66996	-59.2133
12.1028	-9.64843	-59.1791
12.1141	-9.62319	-59.1492
12.1253	-9.59815	-59.1187
12.1366	-9.57333	-59.0878
12.1478	-9.54871	-59.0564
12.1591	-9.52811	-59.0199
12.1703	-9.50008	-58.9923
12.1816	-9.47608	-58.9596
12.1928	-9.45605	-58.922
12.2041	-9.43244	-58.8886
12.2154	-9.40904	-58.8549
12.2266	-9.38584	-58.8208
12.2379	-9.36284	-58.7863
12.2491	-9.34375	-58.7472
12.2604	-9.32115	-58.7122
12.2716	-9.29506	-58.6813
12.2829	-9.27655	-58.6414
12.2941	-9.25455	-58.6057
12.3054	-9.23275	-58.5698
12.3167	-9.21115	-58.5337
12.3279	-9.18976	-58.4973
12.3392	-9.17217	-58.4567
12.3504	-9.15116	-58.4201
12.3617	-9.13034	-58.3834
12.3729	-9.10973	-58.3466
12.3842	-9.08931	-58.3097
12.3954	-9.07263	-58.2686
12.4067	-9.04905	-58.2357
12.418	-9.02921	-58.1986
12.4292	-9.01309	-58.1574
12.4405	-8.99363	-58.1203
12.4517	-8.97436	-58.0832
12.463	-8.95528	-58.0461
12.4742	-8.93639	-58.0091
12.4855	-8.92115	-57.9682
12.4967	-8.90262	-57.9312
12.508	-8.88085	-57.8982
12.5193	-8.86613	-57.8576
12.5305	-8.84815	-57.8209
12.5418	-8.83036	-57.7843
12.553	-8.81275	-57.7478
12.5643	-8.79532	-57.7114
12.5755	-8.78144	-57.6714
12.5868	-8.76435	-57.6354
12.598	-8.74744	-57.5995
12.6093	-8.73069	-57.5638
12.6206	-8.71412	-57.5282
12.6318	-8.70104	-57.4891
12.6431	-8.68148	-57.4576
12.6543	-8.66541	-57.4226
12.6656	-8.65279	-57.3841
12.6768	-8.63704	-57.3495
12.6881	-8.62144	-57.3152
12.6993	-8.606	-57.281
12.7106	-8.59072	-57.2471
12.7219	-8.57883	-57.2099
12.7331	-8.56384	-57.1764
12.7444	-8.54576	-57.1468
12.7556	-8.53428	-57.1102
12.7669	-8.51972	-57.0772
12.7781	-8.50849	-57.0409
12.7894	-8.491	-57.0119
12.8006	-8.47684	-56.9797
12.8119	-8.46601	-56.9443
12.8232	-8.45211	-56.9126
12.8344	-8.43834	-56.8812
12.8457	-8.42469	-56.8501
12.8569	-8.41116	-56.8192
12.8682	-8.40089	-56.7853
12.8794	-8.38446	-56.7584
12.8907	-8.37128	-56.7284
12.902	-8.36132	-56.6953
12.9132	-8.34835	-56.6659
12.9245	-8.33549	-56.6368
12.9357	-8.32272	-56.608
12.947	-8.31006	-56.5795
12.9582	-8.30057	-56.5479
12.9695	-8.28808	-56.52
12.9807	-8.27262	-56.4957
12.992	-8.26338	-56.4651
13.0033	-8.25116	-56.4381
13.0145	-8.24206	-56.4082
13.0258	-8.22696	-56.3851
13.037	-8.21498	-56.359
13.0483	-8.2061	-56.33
13.0595	-8.19425	-56.3046
13.0708	-8.18247	-56.2795
13.082	-8.17076	-56.2547
13.0933	-8.15912	-56.2302
13.1046	-8.15052	-56.2028
13.1158	-8.13601	-56.1822
13.1271	-8.12455	-56.1586
13.1383	-8.11611	-56.1322
13.1496	-8.10475	-56.1094
13.1608	-8.09344	-56.0868
13.1721	-8.08218	-56.0646
13.1833	-8.07096	-56.0427
13.1946	-8.06272	-56.018
13.2059	-8.05159	-55.9967
13.2171	-8.03758	-55.9788
13.2284	-8.02945	-55.955
13.2396	-8.01845	-55.9347
13.2509	-8.01038	-55.9116
13.2621	-7.99655	-55.8949
13.2734	-7.98565	-55.8755
13.2846	-7.97768	-55.8534
13.2959	-7.96684	-55.8346
13.3072	-7.95604	-55.8161
13.3184	-7.94527	-55.798
13.3297	-7.93453	-55.78
13.3409	-7.92667	-55.7594
13.3522	-7.91314	-55.745
13.3634	-7.90249	-55.7279
13.3747	-7.89471	-55.7082
13.3859	-7.88411	-55.6917
13.3972	-7.87354	-55.6754
13.4085	-7.863	-55.6594
13.4197	-7.85248	-55.6436
13.431	-7.84479	-55.6252
13.4422	-7.83432	-55.6099
13.4535	-7.82109	-55.5976
13.4647	-7.81346	-55.5799
13.476	-7.80307	-55.5652
13.4872	-7.79548	-55.5479
13.4985	-7.78236	-55.5364
13.5098	-7.77205	-55.5222
13.521	-7.76453	-55.5055
13.5323	-7.75426	-55.4917
13.5435	-7.74402	-55.478
13.5548	-7.7338	-55.4644
13.566	-7.72362	-55.451
13.5773	-7.71618	-55.435
13.5885	-7.70332	-55.4245
13.5998	-7.69321	-55.4113
13.6111	-7.68584	-55.3956
13.6223	-7.67578	-55.3826
13.6336	-7.66575	-55.3697
13.6448	-7.65575	-55.3568
13.6561	-7.64577	-55.3439
13.6673	-7.63851	-55.3284
13.6786	-7.62858	-55.3156
13.6898	-7.616	-55.3054
13.7011	-7.6088	-55.2899
13.7124	-7.59895	-55.2771
13.7236	-7.5918	-55.2616
13.7349	-7.57934	-55.2511
13.7461	-7.56958	-55.2381
13.7574	-7.5625	-55.2225
13.7686	-7.55279	-55.2093
13.7799	-7.5431	-55.1961
13.7911	-7.53344	-55.1827
13.8024	-7.52381	-55.1693
13.8137	-7.51683	-55.1532
13.8249	-7.50463	-55.142
13.8362	-7.49508	-55.1281
13.8474	-7.48817	-55.1117
13.8587	-7.47867	-55.0976
13.8699	-7.4692	-55.0833
13.8812	-7.45976	-55.0689
13.8924	-7.45035	-55.0543
13.9037	-7.44354	-55.0371
13.915	-7.43418	-55.0222
13.9262	-7.42226	-55.0095
13.9375	-7.41552	-54.9918
13.9487	-7.40623	-54.9763
13.96	-7.39953	-54.9583
13.9712	-7.38774	-54.9447
13.9825	-7.37853	-54.9286
13.9937	-7.3719	-54.91
14.005	-7.36274	-54.8935
14.0163	-7.35361	-54.8769
14.0275	-7.34451	-54.86
14.0388	-7.33543	-54.8429
14.05	-7.3289	-54.8234
14.0613	-7.31736	-54.8081
14.0725	-7.30837	-54.7905
14.0838	-7.3019	-54.7703
14.095	-7.29296	-54.7522
14.1063	-7.28404	-54.7339
14.1176	-7.27516	-54.7154
14.1288	-7.2663	-54.6967
14.1401	-7.25995	-54.6757
14.1513	-7.25115	-54.6566
14.1626	-7.23991	-54.6396
14.1738	-7.23363	-54.6179
14.1851	-7.22492	-54.5983
14.1963	-7.21868	-54.5764
14.2076	-7.20758	-54.5586
14.2189	-7.19896	-54.5384
14.2301	-7.19281	-54.516
14.2414	-7.18425	-54.4955
14.2526	-7.17572	-54.4748
14.2639	-7.16723	-54.454
14.2751	-7.15877	-54.433
14.2864	-7.15276	-54.4098
14.2976	-7.14196	-54.3907
14.3089	-7.13361	-54.3693
14.3202	-7.12769	-54.3456
14.3314	-7.1194	-54.3239
14.3427	-7.11116	-54.3021
14.3539	-7.10295	-54.2801
14.3652	-7.09478	-54.258
14.3764	-7.08903	-54.2336
14.3877	-7.08093	-54.2112
14.3989	-7.07051	-54.1908
14.4102	-7.06486	-54.1661
14.4215	-7.05688	-54.1434
14.4327	-7.0513	-54.1185
14.444	-7.04105	-54.0975
14.4552	-7.0332	-54.0744
14.4665	-7.02773	-54.0492
14.4777	-7.01996	-54.0258
14.489	-7.01223	-54.0023
14.5002	-7.00454	-53.9788
14.5115	-6.9969	-53.9551
14.5228	-6.99162	-53.9293
14.534	-6.98175	-53.9074
14.5453	-6.97424	-53.8834
14.5565	-6.96906	-53.8573
14.5678	-6.96163	-53.833
14.579	-6.95423	-53.8087
14.5903	-6.94688	-53.7842
14.6016	-6.93957	-53.7596
14.6128	-6.93459	-53.733
14.6241	-6.92736	-53.7081
14.6353	-6.91791	-53.6852
14.6466	-6.91304	-53.6583
14.6578	-6.90594	-53.6332
14.6691	-6.90113	-53.6061
14.6803	-6.89184	-53.5827
14.6916	-6.88486	-53.5573
14.7029	-6.88015	-53.5299
14.7141	-6.87324	-53.5042
14.7254	-6.86636	-53.4785
14.7366	-6.85953	-53.4526
14.7479	-6.85273	-53.4267
14.7591	-6.8482	-53.3987
14.7704	-6.84147	-53.3726
14.7816	-6.83256	-53.3484
14.7929	-6.82811	-53.3202
14.8042	-6.82147	-53.2938
14.8154	-6.81487	-53.2673
14.8267	-6.8083	-53.2407
14.8379	-6.80177	-53.2141
14.8492	-6.79745	-53.1854
14.8604	-6.79098	-53.1585
14.8717	-6.78236	-53.1335
14.8829	-6.77812	-53.1047
14.8942	-6.77174	-53.0776
14.9055	-6.76755	-53.0487
14.9167	-6.75904	-53.0234
14.928	-6.75273	-52.9962
14.9392	-6.7486	-52.9669
14.9505	-6.74234	-52.9395
14.9617	-6.7361	-52.9121
14.973	-6.7299	-52.8845
14.9842	-6.72372	-52.8569
14.9955	-6.7197	-52.8275
15.0068	-6.71356	-52.7998
15.018	-6.70532	-52.774
15.0293	-6.70136	-52.7444
15.0405	-6.69528	-52.7167
15.0518	-6.68923	-52.6888
15.063	-6.68321	-52.661
15.0743	-6.6772	-52.633
15.0855	-6.67333	-52.6032
15.0968	-6.66737	-52.5752
15.1081	-6.65935	-52.549
15.1193	-6.65553	-52.5191
15.1306	-6.64965	-52.4911
15.1418	-6.64586	-52.4612
15.1531	-6.63794	-52.4349
15.1643	-6.63211	-52.4068
15.1756	-6.62838	-52.3768
15.1868	-6.6226	-52.3485
15.1981	-6.61685	-52.3203
15.2094	-6.61112	-52.292
15.2206	-6.60542	-52.2637
15.2319	-6.60179	-52.2335
15.2431	-6.59614	-52.2052
15.2544	-6.58847	-52.1787
15.2656	-6.58491	-52.1485
15.2769	-6.57932	-52.1201
15.2881	-6.57376	-52.0916
15.2994	-6.56823	-52.0631
15.3107	-6.56273	-52.0346
15.3219	-6.55927	-52.0041
15.3332	-6.55382	-51.9755
15.3444	-6.54639	-51.9487
15.3557	-6.54301	-51.9181
15.3669	-6.53765	-51.8894
15.3782	-6.5343	-51.8588
15.3894	-6.527	-51.8318
15.4007	-6.52171	-51.8029
15.412	-6.51844	-51.7722
15.4232	-6.51321	-51.7431
15.4345	-6.50801	-51.7141
15.4457	-6.50284	-51.6849
15.457	-6.49771	-51.6557
15.4682	-6.49457	-51.6246
15.4795	-6.48949	-51.5952
15.4907	-6.48249	-51.5677
15.502	-6.47942	-51.5364
15.5133	-6.47443	-51.5069
15.5245	-6.47141	-51.4755
15.5358	-6.46453	-51.4476
15.547	-6.45963	-51.4178
15.5583	-6.4567	-51.3861
15.5695	-6.45186	-51.3561
15.5808	-6.44512	-51.3279
15.592	-6.44227	-51.296
15.6033	-6.43752	-51.2658
15.6146	-6.43472	-51.2338
15.6258	-6.42812	-51.2053
15.6371	-6.42345	-51.175
15.6483	-6.42073	-51.1427
15.6596	-6.41612	-51.1121
15.6708	-6.41155	-51.0815
15.6821	-6.407	-51.0508
15.6933	-6.40249	-51.0201
15.7046	-6.3999	-50.9875
15.7159	-6.39545	-50.9566
15.7271	-6.38915	-50.9275
15.7384	-6.38663	-50.8948
15.7496	-6.38226	-50.8638
15.7609	-6.37979	-50.8309
15.7721	-6.37362	-50.8016
15.7834	-6.36935	-50.7705
15.7946	-6.36695	-50.7375
15.8059	-6.36274	-50.7063
15.8172	-6.35671	-50.6769
15.8284	-6.3544	-50.6438
15.8397	-6.35028	-50.6126
15.8509	-6.34803	-50.5795
15.8622	-6.34213	-50.5501
15.8734	-6.3381	-50.5189
15.8847	-6.33593	-50.4858
15.8959	-6.33196	-50.4546
15.9072	-6.32802	-50.4234
15.9185	-6.32412	-50.3922
15.9297	-6.32026	-50.361
15.941	-6.31823	-50.3281
15.9522	-6.31443	-50.297
15.9635	-6.30886	-50.2678
15.9747	-6.30692	-50.235
15.986	-6.30322	-50.2041
15.9972	-6.30135	-50.1713
16.0085	-6.29414	-50.1442
16.0198	-6.29412	-50.1097
16.031	-6.29056	-50.079
16.0423	-6.28703	-50.0484
16.0535	-6.28178	-50.0197
16.0648	-6.27833	-49.9893
16.076	-6.27845	-49.9552
16.0873	-6.27507	-49.9249
16.0985	-6.26997	-49.8965
16.1098	-6.26667	-49.8664
16.1211	-6.2634	-49.8363
16.1323	-6.26367	-49.8026
16.1436	-6.25873	-49.7746
16.1548	-6.25558	-49.7448
16.1661	-6.25246	-49.7151
16.1773	-6.24939	-49.6854
16.1886	-6.24808	-49.654
16.1999	-6.24507	-49.6246
16.2111	-6.24209	-49.5952
16.2224	-6.23915	-49.566
16.2336	-6.23625	-49.5368
16.2449	-6.23167	-49.5095
16.2561	-6.23226	-49.4767
16.2674	-6.22946	-49.4477
16.2786	-6.22669	-49.4188
16.2899	-6.22225	-49.3919
16.3011	-6.21955	-49.3631
16.3124	-6.22026	-49.3306
16.3237	-6.21761	-49.302
16.3349	-6.21329	-49.2754
16.3462	-6.21069	-49.2469
16.3574	-6.20811	-49.2184
16.3687	-6.20892	-49.1862
16.3799	-6.20471	-49.1597
16.3912	-6.2022	-49.1314
16.4025	-6.1997	-49.1032
16.4137	-6.19723	-49.075
16.425	-6.19643	-49.0449
16.4362	-6.19398	-49.0168
16.4475	-6.19153	-48.9888
16.4587	-6.1891	-48.9607
16.47	-6.18667	-48.9327
16.4812	-6.18425	-48.9047
16.4925	-6.18347	-48.8748
16.5038	-6.18105	-48.8468
16.515	-6.17864	-48.8189
16.5263	-6.17458	-48.793
16.5375	-6.17216	-48.7651
16.5488	-6.17299	-48.7334
16.56	-6.17054	-48.7056
16.5713	-6.16645	-48.6798
16.5825	-6.16398	-48.652
16.5938	-6.16149	-48.6243
16.6051	-6.16221	-48.5926
16.6163	-6.15807	-48.5669
16.6276	-6.15553	-48.5392
16.6388	-6.15296	-48.5115
16.6501	-6.15036	-48.4839
16.6613	-6.14934	-48.4543
16.6726	-6.14668	-48.4268
16.6838	-6.14399	-48.3993
16.6951	-6.14127	-48.3718
16.7064	-6.13851	-48.3443
16.7176	-6.13571	-48.3168
16.7289	-6.13446	-48.2874
16.7401	-6.13158	-48.26
16.7514	-6.12867	-48.2326
16.7626	-6.12415	-48.2073
16.7739	-6.12115	-48.18
16.7851	-6.12124	-48.1488
16.7964	-6.11814	-48.1216
16.8077	-6.11344	-48.0964
16.8189	-6.11025	-48.0693
16.8302	-6.10701	-48.0421
16.8414	-6.10682	-48.011
16.8527	-6.10194	-47.986
16.8639	-6.09855	-47.9589
16.8752	-6.09511	-47.9319
16.8864	-6.09162	-47.9049
16.8977	-6.08961	-47.8759
16.909	-6.08601	-47.849
16.9202	-6.08236	-47.8221
16.9315	-6.07865	-47.7952
16.9427	-6.07489	-47.7682
16.954	-6.07108	-47.7413
16.9652	-6.06873	-47.7124
16.9765	-6.06481	-47.6854
16.9877	-6.06084	-47.6584
16.999	-6.05682	-47.6314
17.0103	-6.05125	-47.6064
17.0215	-6.05012	-47.5753
17.0328	-6.04594	-47.5482
17.044	-6.04022	-47.5231
17.0553	-6.03594	-47.4958
17.0665	-6.03161	-47.4685
17.0778	-6.03019	-47.4371
17.089	-6.02428	-47.4116
17.1003	-6.01981	-47.3839
17.1116	-6.01528	-47.3562
17.1228	-6.01072	-47.3283
17.1341	-6.00756	-47.2983
17.1453	-6.0029	-47.2701
17.1566	-5.99819	-47.2418
17.1678	-5.99344	-47.2132
17.1791	-5.98864	-47.1845
17.1903	-5.98379	-47.1556
17.2016	-5.98035	-47.1245
17.2129	-5.97542	-47.095
17.2241	-5.97045	-47.0654
17.2354	-5.96544	-47.0355
17.2466	-5.95896	-47.0072
17.2579	-5.95673	-46.9729
17.2691	-5.9516	-46.9421
17.2804	-5.94501	-46.913
17.2916	-5.9398	-46.8816
17.3029	-5.93456	-46.8498
17.3142	-5.93209	-46.8139
17.3254	-5.92536	-46.7834
17.3367	-5.92001	-46.7505
17.3479	-5.91462	-46.7173
17.3592	-5.90919	-46.6837
17.3704	-5.90512	-46.6478
17.3817	-5.89963	-46.6134
17.3929	-5.8941	-46.5786
17.4042	-5.88854	-46.5433
17.4155	-5.88295	-46.5076
17.4267	-5.87732	-46.4715
17.438	-5.87303	-46.433
17.4492	-5.86734	-46.396
17.4605	-5.86162	-46.3585
17.4717	-5.85587	-46.3205
17.483	-5.84875	-46.284
17.4942	-5.84564	-46.2413
17.5055	-5.8398	-46.202
17.5168	-5.8326	-46.164
17.528	-5.82672	-46.1238
17.5393	-5.82081	-46.083
17.5505	-5.81753	-46.038
17.5618	-5.81024	-45.9982
17.573	-5.80426	-45.956
17.5843	-5.79825	-45.9133
17.5955	-5.79223	-45.8702
17.6068	-5.7875	-45.8248
17.6181	-5.78144	-45.7807
17.6293	-5.77536	-45.7363
17.6406	-5.76927	-45.6914
17.6518	-5.76316	-45.646
17.6631	-5.75705	-45.6002
17.6743	-5.7522	-45.5522
17.6856	-5.74606	-45.5056
17.6968	-5.73991	-45.4585
17.7081	-5.73376	-45.4111
17.7194	-5.72635	-45.365
17.7306	-5.72272	-45.3132
17.7419	-5.71656	-45.2647
17.7531	-5.71041	-45.2157
17.7644	-5.70302	-45.1683
17.7756	-5.69688	-45.1186
17.7869	-5.69322	-45.0651
17.7981	-5.68587	-45.0166
17.8094	-5.67977	-44.966
17.8207	-5.67368	-44.9151
17.8319	-5.66761	-44.864
17.8432	-5.66278	-44.8107
17.8544	-5.65675	-44.759
17.8657	-5.65075	-44.7071
17.8769	-5.64478	-44.6549
17.8882	-5.63884	-44.6024
17.8994	-5.63294	-44.5498
17.9107	-5.62826	-44.4952
17.922	-5.62242	-44.4421
17.9332	-5.61663	-44.3888
17.9445	-5.61089	-44.3354
17.9557	-5.60402	-44.2835
17.967	-5.6007	-44.2262
17.9782	-5.5951	-44.1722
17.9895	-5.58956	-44.1182
18.0007	-5.58292	-44.0657
18.012	-5.57749	-44.0113
18.0233	-5.57441	-43.9534
18.0345	-5.56796	-43.9006
18.0458	-5.56272	-43.8459
18.057	-5.55755	-43.7911
18.0683	-5.55245	-43.7363
18.0795	-5.54854	-43.6796
18.0908	-5.54358	-43.6246
18.1021	-5.53869	-43.5695
18.1133	-5.53389	-43.5144
18.1246	-5.52916	-43.4592
18.1358	-5.52451	-43.404
18.1471	-5.52104	-43.347
18.1583	-5.51655	-43.2917
18.1696	-5.51215	-43.2364
18.1808	-5.50783	-43.1811
18.1921	-5.50252	-43.1274
18.2034	-5.50053	-43.0687
18.2146	-5.49647	-43.0133
18.2259	-5.49249	-42.958
18.2371	-5.48755	-42.9044
18.2484	-5.48376	-42.8491
18.2596	-5.48216	-42.7903
18.2709	-5.47749	-42.7368
18.2821	-5.47396	-42.6816
18.2934	-5.47052	-42.6265
18.3047	-5.46718	-42.5714
18.3159	-5.46495	-42.5146
18.3272	-5.46177	-42.4597
18.3384	-5.45868	-42.4048
18.3497	-5.45568	-42.35
18.3609	-5.45277	-42.2953
18.3722	-5.44994	-42.2407
18.3834	-5.4482	-42.1844
18.3947	-5.44553	-42.13
18.406	-5.44295	-42.0758
18.4172	-5.44045	-42.0217
18.4285	-5.43703	-41.9694
18.4397	-5.43667	-41.9121
18.451	-5.4344	-41.8585
18.4622	-5.43221	-41.805
18.4735	-5.42911	-41.7534
18.4847	-5.42707	-41.7003
18.496	-5.42704	-41.644
18.5073	-5.42512	-41.5913
18.5185	-5.42232	-41.5406
18.5298	-5.42054	-41.4884
18.541	-5.41883	-41.4364
18.5523	-5.41814	-41.3829
18.5635	-5.41655	-41.3315
18.5748	-5.41501	-41.2803
18.586	-5.41354	-41.2295
18.5973	-5.41211	-41.1789
18.6086	-5.41074	-41.1287
18.6198	-5.41035	-41.077
18.6311	-5.40907	-41.0274
18.6423	-5.40784	-40.9782
18.6536	-5.40666	-40.9294
18.6648	-5.4046	-40.8827
18.6761	-5.40533	-40.831
18.6873	-5.40426	-40.7833
18.6986	-5.40323	-40.736
18.7099	-5.40133	-40.6909
18.7211	-5.40036	-40.6445
18.7324	-5.40122	-40.5948
18.7436	-5.40031	-40.5493
18.7549	-5.39853	-40.506
18.7661	-5.39767	-40.4613
18.7774	-5.39684	-40.4171
18.7886	-5.39602	-40.3734
18.7999	-5.3961	-40.3284
18.8112	-5.39532	-40.2856
18.8224	-5.39368	-40.2452
18.8337	-5.39379	-40.2017
18.8449	-5.39218	-40.1623
18.8562	-5.39402	-40.1161
18.8674	-5.39243	-40.0777
18.8787	-5.39085	-40.0399
18.8899	-5.39098	-39.9989
18.9012	-5.38941	-39.9622
18.9125	-5.38954	-39.9223
18.9237	-5.38966	-39.8829
18.935	-5.38809	-39.8478
18.9462	-5.3882	-39.8095
18.9575	-5.38662	-39.7754
18.9687	-5.3867	-39.7382
18.98	-5.38677	-39.7014
18.9912	-5.38517	-39.669
19.0025	-5.3852	-39.6334
19.0138	-5.38358	-39.602
19.025	-5.38195	-39.5711
19.0363	-5.38355	-39.5333
19.0475	-5.38188	-39.5035
19.0588	-5.38019	-39.4743
19.07	-5.38009	-39.4417
19.0813	-5.37836	-39.4135
19.0925	-5.3798	-39.3782
19.1038	-5.37801	-39.3509
19.1151	-5.3762	-39.3241
19.1263	-5.37594	-39.294
19.1376	-5.37407	-39.2682
19.1488	-5.37374	-39.239
19.1601	-5.37336	-39.2103
19.1713	-5.37139	-39.1859
19.1826	-5.37093	-39.1581
19.1938	-5.36888	-39.1344
19.2051	-5.36834	-39.1074
19.2164	-5.36775	-39.0808
19.2276	-5.36557	-39.0584
19.2389	-5.36489	-39.0326
19.2501	-5.36262	-39.011
19.2614	-5.36032	-38.9897
19.2726	-5.36099	-38.9613
19.2839	-5.35858	-38.9407
19.2951	-5.35613	-38.9204
19.3064	-5.35512	-38.8967
19.3177	-5.35256	-38.877
19.3289	-5.35293	-38.8502
19.3402	-5.35026	-38.8311
19.3514	-5.34754	-38.8123
19.3627	-5.34624	-38.7901
19.3739	-5.34341	-38.7718
19.3852	-5.34199	-38.7501
19.3964	-5.34049	-38.7286
19.4077	-5.33748	-38.711
19.419	-5.33586	-38.69
19.4302	-5.33273	-38.6728
19.4415	-5.33098	-38.6521
19.4527	-5.32916	-38.6315
19.464	-5.32585	-38.6149
19.4752	-5.3239	-38.5947
19.4865	-5.32046	-38.5784
19.4977	-5.31696	-38.5622
19.509	-5.31623	-38.5388
19.5203	-5.3126	-38.5228
19.5315	-5.30891	-38.5069
19.5428	-5.30656	-38.4875
19.554	-5.30275	-38.4717
19.5653	-5.30166	-38.4489
19.5765	-5.29773	-38.4333
19.5878	-5.29374	-38.4178
19.599	-5.29106	-38.3987
19.6103	-5.28695	-38.3833
19.6216	-5.28415	-38.3643
19.6328	-5.28128	-38.3454
19.6441	-5.277	-38.33
19.6553	-5.27401	-38.3111
19.6666	-5.26961	-38.2958
19.6778	-5.26651	-38.2769
19.6891	-5.26335	-38.258
19.7003	-5.2588	-38.2426
19.7116	-5.25553	-38.2237
19.7229	-5.25088	-38.2082
19.7341	-5.24618	-38.1927
19.7454	-5.24407	-38.1703
19.7566	-5.23928	-38.1547
19.7679	-5.23445	-38.1391
19.7791	-5.23088	-38.1199
19.7904	-5.22596	-38.1041
19.8017	-5.2236	-38.0815
19.8129	-5.21861	-38.0656
19.8242	-5.21359	-38.0496
19.8354	-5.20981	-38.0302
19.8467	-5.20473	-38.014
19.8579	-5.20088	-37.9945
19.8692	-5.19699	-37.9749
19.8804	-5.19182	-37.9584
19.8917	-5.18788	-37.9386
19.903	-5.18266	-37.9219
19.9142	-5.17867	-37.9019
19.9255	-5.17465	-37.8818
19.9367	-5.16938	-37.8648
19.948	-5.16533	-37.8445
19.9592	-5.16003	-37.8273
19.9705	-5.15473	-37.81
19.9817	-5.15184	-37.7863
19.993	-5.14652	-37.7687
20.0043	-5.14119	-37.751
20.0155	-5.13706	-37.7301
20.0268	-5.13173	-37.7122
20.038	-5.12879	-37.6881
20.0493	-5.12346	-37.6699
20.0605	-5.11814	-37.6517
20.0718	-5.11401	-37.6303
20.083	-5.10871	-37.6119
20.0943	-5.10458	-37.5903
20.1056	-5.10046	-37.5687
20.1168	-5.09519	-37.5499
20.1281	-5.09109	-37.5281
20.1393	-5.08586	-37.5091
20.1506	-5.08178	-37.4871
20.1618	-5.07772	-37.465
20.1731	-5.07255	-37.4458
20.1843	-5.06853	-37.4236
20.1956	-5.0634	-37.4041
20.2069	-5.0583	-37.3846
20.2181	-5.05545	-37.3595
20.2294	-5.0504	-37.3398
20.2406	-5.04648	-37.3174
20.2519	-5.04149	-37.2976
20.2631	-5.03654	-37.2777
20.2744	-5.03378	-37.2524
20.2856	-5.02889	-37.2324
20.2969	-5.02404	-37.2125
20.3082	-5.02029	-37.1898
20.3194	-5.01551	-37.1698
20.3307	-5.01183	-37.1471
20.3419	-5.00817	-37.1244
20.3532	-5.0035	-37.1043
20.3644	-4.99991	-37.0816
20.3757	-4.99531	-37.0615
20.3869	-4.99179	-37.0389
20.3982	-4.98831	-37.0162
20.4095	-4.98383	-36.9962
20.4207	-4.98042	-36.9737
20.432	-4.97602	-36.9538
20.4432	-4.97167	-36.9339
20.4545	-4.96937	-36.9091
20.4657	-4.96509	-36.8893
20.477	-4.96185	-36.8672
20.4882	-4.95765	-36.8476
20.4995	-4.9535	-36.8281
20.5108	-4.95135	-36.8038
20.522	-4.94727	-36.7845
20.5333	-4.94322	-36.7654
20.5445	-4.94019	-36.7439
20.5558	-4.93622	-36.7251
20.567	-4.93325	-36.7039
20.5783	-4.93031	-36.683
20.5895	-4.92645	-36.6646
20.6008	-4.92356	-36.644
20.6121	-4.91977	-36.6259
20.6233	-4.91694	-36.6057
20.6346	-4.91414	-36.5856
20.6458	-4.91043	-36.5682
20.6571	-4.90768	-36.5486
20.6683	-4.90404	-36.5316
20.6796	-4.90042	-36.5148
20.6908	-4.89865	-36.4936
20.7021	-4.89508	-36.4773
20.7134	-4.89243	-36.459
20.7246	-4.88891	-36.4432
20.7359	-4.88541	-36.4277
20.7471	-4.88371	-36.4079
20.7584	-4.88025	-36.393
20.7696	-4.87681	-36.3783
20.7809	-4.87426	-36.3618
20.7921	-4.87085	-36.3477
20.8034	-4.86832	-36.3318
20.8147	-4.8658	-36.3162
20.8259	-4.86243	-36.3032
20.8372	-4.85992	-36.2883
20.8484	-4.85657	-36.2759
20.8597	-4.85407	-36.2617
20.8709	-4.85158	-36.2479
20.8822	-4.84824	-36.2366
20.8934	-4.84574	-36.2236
20.9047	-4.84241	-36.213
20.916	-4.83907	-36.2028
20.9272	-4.83739	-36.1888
20.9385	-4.83405	-36.1794
20.9497	-4.83153	-36.1682
20.961	-4.82819	-36.1595
20.9722	-4.82484	-36.1512
20.9835	-4.8231	-36.1392
20.9947	-4.81973	-36.1317
21.006	-4.81635	-36.1245
21.0173	-4.81376	-36.1157
21.0285	-4.81036	-36.1093
21.0398	-4.80774	-36.1013
21.051	-4.8051	-36.0937
21.0623	-4.80166	-36.0883
21.0735	-4.79898	-36.0815
21.0848	-4.79551	-36.0768
21.096	-4.79279	-36.0707
21.1073	-4.79006	-36.0649
21.1186	-4.78653	-36.0614
21.1298	-4.78374	-36.0563
21.1411	-4.78017	-36.0534
21.1523	-4.77658	-36.0509
21.1636	-4.77448	-36.045
21.1748	-4.77084	-36.0431
21.1861	-4.76793	-36.0396
21.1973	-4.76424	-36.0383
21.2086	-4.76052	-36.0372
21.2199	-4.75826	-36.0329
21.2311	-4.75449	-36.0323
21.2424	-4.75069	-36.032
21.2536	-4.74759	-36.0302
21.2649	-4.74374	-36.0304
21.2761	-4.74057	-36.0291
21.2874	-4.73737	-36.0279
21.2986	-4.73342	-36.0287
21.3099	-4.73014	-36.0279
21.3212	-4.72612	-36.0289
21.3324	-4.72277	-36.0284
21.3437	-4.71939	-36.0281
21.3549	-4.71526	-36.0295
21.3662	-4.71179	-36.0293
21.3774	-4.70759	-36.0308
21.3887	-4.70335	-36.0324
21.4	-4.70046	-36.0309
21.4112	-4.69614	-36.0325
21.4225	-4.69248	-36.0326
21.4337	-4.68808	-36.0342
21.445	-4.68364	-36.0358
21.4562	-4.68053	-36.0343
21.4675	-4.67602	-36.0358
21.4787	-4.67146	-36.0371
21.49	-4.66754	-36.0369
21.5012	-4.6629	-36.0381
21.5125	-4.65956	-36.0363
21.5238	-4.65485	-36.0372
21.535	-4.65009	-36.0379
21.5463	-4.64595	-36.0372
21.5575	-4.6411	-36.0375
21.5688	-4.63687	-36.0364
21.58	-4.63259	-36.0351
21.5913	-4.62762	-36.0348
21.6026	-4.62325	-36.0331
21.6138	-4.6182	-36.0323
21.6251	-4.61311	-36.0313
21.6363	-4.60924	-36.0277
21.6476	-4.60407	-36.0261
21.6588	-4.59948	-36.0231
21.6701	-4.59422	-36.021
21.6813	-4.58892	-36.0186
21.6926	-4.58482	-36.0136
21.7039	-4.57945	-36.0105
21.7151	-4.57404	-36.0071
21.7264	-4.5692	-36.0022
21.7376	-4.56372	-35.9981
21.7489	-4.55941	-35.9915
21.7601	-4.55386	-35.9867
21.7714	-4.54829	-35.9815
21.7826	-4.54328	-35.9749
21.7939	-4.53764	-35.969
21.8052	-4.53257	-35.9617
21.8164	-4.52746	-35.954
21.8277	-4.52176	-35.9469
21.8389	-4.51661	-35.9385
21.8502	-4.51087	-35.9306
21.8614	-4.50512	-35.9223
21.8727	-4.50048	-35.912
21.8839	-4.4947	-35.9029
21.8952	-4.48948	-35.8927
21.9065	-4.48368	-35.8829
21.9177	-4.47789	-35.8726
21.929	-4.47319	-35.8606
21.9402	-4.46739	-35.8495
21.9515	-4.4616	-35.8381
21.9627	-4.45636	-35.8256
21.974	-4.4506	-35.8133
21.9852	-4.44592	-35.7995
21.9965	-4.44018	-35.7866
22.0078	-4.43447	-35.7733
22.019	-4.4293	-35.759
22.0303	-4.42363	-35.7449
22.0415	-4.4185	-35.7299
22.0528	-4.4134	-35.7145
22.064	-4.40783	-35.6991
22.0753	-4.40281	-35.6829
22.0865	-4.39733	-35.6668
22.0978	-4.3919	-35.6504
22.1091	-4.3875	-35.6327
22.1203	-4.38217	-35.6155
22.1316	-4.37737	-35.5975
22.1428	-4.37216	-35.5795
22.1541	-4.36701	-35.5611
22.1653	-4.36285	-35.5417
22.1766	-4.35782	-35.5225
22.1878	-4.35288	-35.5028
22.1991	-4.34847	-35.4825
22.2104	-4.34369	-35.4621
22.2216	-4.33988	-35.4408
22.2329	-4.33526	-35.4197
22.2441	-4.33074	-35.3982
22.2554	-4.32673	-35.3761
22.2666	-4.32238	-35.3538
22.2779	-4.31853	-35.331
22.2891	-4.31478	-35.3077
22.3004	-4.31071	-35.2842
22.3117	-4.30714	-35.2601
22.3229	-4.30328	-35.2358
22.3342	-4.29951	-35.2112
22.3454	-4.29665	-35.1859
22.3567	-4.29309	-35.1605
22.3679	-4.29003	-35.1347
22.3792	-4.28668	-35.1086
22.3904	-4.28344	-35.0821
22.4017	-4.28104	-35.0552
22.413	-4.27799	-35.028
22.4242	-4.27506	-35.0003
22.4355	-4.2726	-34.9723
22.4467	-4.26989	-34.9439
22.458	-4.26799	-34.9152
22.4692	-4.26549	-34.8862
22.4805	-4.2631	-34.8569
22.4917	-4.26116	-34.8273
22.503	-4.25898	-34.7974
22.5143	-4.25722	-34.7672
22.5255	-4.25556	-34.7368
22.5368	-4.25368	-34.706
22.548	-4.25221	-34.675
22.5593	-4.25054	-34.6437
22.5705	-4.24897	-34.6121
22.5818	-4.2481	-34.5805
22.593	-4.24673	-34.5487
22.6043	-4.24574	-34.5167
22.6156	-4.24456	-34.4846
22.6268	-4.24346	-34.4523
22.6381	-4.243	-34.4202
22.6493	-4.24207	-34.3877
22.6606	-4.24123	-34.3552
22.6718	-4.24075	-34.3227
22.6831	-4.24009	-34.2901
22.6943	-4.24003	-34.2578
22.7056	-4.23953	-34.2254
22.7169	-4.23912	-34.1931
22.7281	-4.23902	-34.161
22.7394	-4.23876	-34.1291
22.7506	-4.23879	-34.0974
22.7619	-4.23888	-34.0659
22.7731	-4.23882	-34.0345
22.7844	-4.23905	-34.0034
22.7956	-4.23914	-33.9725
22.8069	-4.2393	-33.9419
22.8182	-4.23993	-33.912
22.8294	-4.24023	-33.8822
22.8407	-4.24078	-33.853
22.8519	-4.2412	-33.8242
22.8632	-4.24168	-33.7958
22.8744	-4.24258	-33.7682
22.8857	-4.24318	-33.7408
22.8969	-4.24385	-33.714
22.9082	-4.24476	-33.6878
22.9195	-4.24557	-33.6622
22.9307	-4.24676	-33.6375
22.942	-4.2477	-33.6133
22.9532	-4.24871	-33.5897
22.9645	-4.24993	-33.5671
22.9757	-4.25107	-33.5452
22.987	-4.2524	-33.5241
22.9982	-4.25378	-33.5038
23.0095	-4.2551	-33.4842
23.0208	-4.25662	-33.4655
23.032	-4.25809	-33.4476
23.0433	-4.25964	-33.4305
23.0545	-4.26148	-33.4146
23.0658	-4.26317	-33.3994
23.077	-4.26503	-33.3853
23.0883	-4.26685	-33.372
23.0995	-4.26873	-33.3597
23.1108	-4.27087	-33.3485
23.1221	-4.27288	-33.3381
23.1333	-4.27497	-33.3286
23.1446	-4.27721	-33.32
23.1558	-4.27945	-33.3123
23.1671	-4.28193	-33.3057
23.1783	-4.28431	-33.2999
23.1896	-4.28677	-33.2952
23.2008	-4.28937	-33.2914
23.2121	-4.29196	-33.2886
23.2234	-4.29468	-33.2867
23.2346	-4.29746	-33.2857
23.2459	-4.30023	-33.2855
23.2571	-4.30314	-33.2862
23.2684	-4.30605	-33.2877
23.2796	-4.30904	-33.2901
23.2909	-4.3122	-33.2933
23.3022	-4.31531	-33.2973
23.3134	-4.31853	-33.3022
23.3247	-4.32176	-33.3079
23.3359	-4.32503	-33.3145
23.3472	-4.32843	-33.3217
23.3584	-4.33178	-33.3297
23.3697	-4.33518	-33.3383
23.3809	-4.33866	-33.3475
23.3922	-4.34214	-33.3575
23.4035	-4.34573	-33.368
23.4147	-4.34928	-33.3793
23.426	-4.35286	-33.3913
23.4372	-4.35648	-33.4038
23.4485	-4.36008	-33.417
23.4597	-4.36371	-33.4307
23.471	-4.36733	-33.4449
23.4822	-4.37092	-33.4597
23.4935	-4.37454	-33.4747
23.5048	-4.37812	-33.4905
23.516	-4.38169	-33.5067
23.5273	-4.38527	-33.523
23.5385	-4.38878	-33.5402
23.5498	-4.39228	-33.5576
23.561	-4.39571	-33.5757
23.5723	-4.39908	-33.5942
23.5835	-4.40242	-33.6125
23.5948	-4.40567	-33.6317
23.6061	-4.40886	-33.6512
23.6173	-4.412	-33.6707
23.6286	-4.41506	-33.6909
23.6398	-4.41806	-33.7108
23.6511	-4.42097	-33.7317
23.6623	-4.42378	-33.753
23.6736	-4.4265	-33.7744
23.6848	-4.42911	-33.7965
23.6961	-4.43161	-33.8187
23.7074	-4.43399	-33.8411
23.7186	-4.43625	-33.8641
23.7299	-4.43842	-33.8872
23.7411	-4.44047	-33.9109
23.7524	-4.44239	-33.9351
23.7636	-4.4442	-33.959
