1.62381	-0.376799	13.851
1.63507	-0.387048	14.0097
1.64632	-0.397051	14.17
1.65758	-0.406801	14.3318
1.66883	-0.416299	14.4949
1.68009	-0.425543	14.6591
1.69135	-0.434531	14.8242
1.7026	-0.443235	14.9903
1.71386	-0.45171	15.1569
1.72511	-0.459937	15.3242
1.73637	-0.46792	15.4918
1.74762	-0.47567	15.6597
1.75888	-0.483198	15.8277
1.77014	-0.490507	15.9958
1.78139	-0.497611	16.1636
1.79265	-0.504515	16.3312
1.8039	-0.511231	16.4985
1.81516	-0.517734	16.6653
1.82641	-0.524105	16.8314
1.83767	-0.530324	16.9969
1.84892	-0.536401	17.1616
1.86018	-0.542318	17.3255
1.87144	-0.548163	17.4886
1.88269	-0.553917	17.6506
1.89395	-0.559592	17.8116
1.9052	-0.565205	17.9715
1.91646	-0.570764	18.1302
1.92771	-0.576289	18.2878
1.93897	-0.581746	18.4442
1.95023	-0.587238	18.5993
1.96148	-0.59273	18.7532
1.97274	-0.598243	18.9059
1.98399	-0.603786	19.0573
1.99525	-0.609376	19.2074
2.0065	-0.614982	19.3564
2.01776	-0.620755	19.5041
2.02901	-0.62651	19.6506
2.04027	-0.632409	19.7959
2.05153	-0.638411	19.94
2.06278	-0.644525	20.083
2.07404	-0.6507	20.2249
2.08529	-0.65711	20.3657
2.09655	-0.663544	20.5055
2.1078	-0.67023	20.6444
2.11906	-0.676957	20.7824
2.13032	-0.68395	20.9194
2.14157	-0.690989	21.0557
2.15283	-0.698249	21.1912
2.16408	-0.705612	21.326
2.17534	-0.713265	21.46
2.18659	-0.72096	21.5934
2.19785	-0.728942	21.7263
2.2091	-0.736967	21.8586
2.22036	-0.745155	21.9906
2.23162	-0.75364	22.1221
2.24287	-0.762164	22.2532
2.25413	-0.770984	22.384
2.26538	-0.779836	22.5146
2.27664	-0.788912	22.645
2.28789	-0.798074	22.7751
2.29915	-0.807522	22.905
2.31041	-0.816973	23.0349
2.32166	-0.8267	23.1645
2.33292	-0.836416	23.2942
2.34417	-0.846402	23.4239
2.35543	-0.856296	23.5537
2.36668	-0.866528	23.6833
2.37794	-0.876723	23.8131
2.38919	-0.887173	23.9429
2.40045	-0.89757	24.0728
2.41171	-0.90821	24.2027
2.42296	-0.918781	24.3328
2.43422	-0.929582	24.4628
2.44547	-0.940298	24.5931
2.45673	-0.951233	24.7233
2.46798	-0.962067	24.8538
2.47924	-0.972955	24.9844
2.4905	-0.984054	25.1149
2.50175	-0.995032	25.2456
2.51301	-1.00621	25.3763
2.52426	-1.01726	25.5071
2.53552	-1.02849	25.6379
2.54677	-1.03959	25.7688
2.55803	-1.05069	25.8996
2.56928	-1.06181	26.0305
2.58054	-1.07312	26.1612
2.5918	-1.08425	26.292
2.60305	-1.09557	26.4226
2.61431	-1.10672	26.5533
2.62556	-1.11805	26.6836
2.63682	-1.1292	26.814
2.64807	-1.14053	26.9441
2.65933	-1.15167	27.0741
2.67059	-1.163	27.2038
2.68184	-1.17413	27.3333
2.6931	-1.18545	27.4625
2.70435	-1.19658	27.5916
2.71561	-1.20771	27.7203
2.72686	-1.21903	27.8487
2.73812	-1.23016	27.9768
2.74937	-1.24149	28.1045
2.76063	-1.25261	28.232
2.77189	-1.26395	28.359
2.78314	-1.27509	28.4858
2.7944	-1.28624	28.6122
2.80565	-1.2974	28.7382
2.81691	-1.30878	28.8637
2.82816	-1.31998	28.989
2.83942	-1.3314	29.1138
2.85068	-1.34263	29.2384
2.86193	-1.35411	29.3624
2.87319	-1.36539	29.4862
2.88444	-1.37692	29.6095
2.8957	-1.38827	29.7327
2.90695	-1.39988	29.8553
2.91821	-1.4113	29.9778
2.92946	-1.42299	30.0998
2.94072	-1.4345	30.2217
2.95198	-1.44606	30.3433
2.96323	-1.45789	30.4645
2.97449	-1.46955	30.5856
2.98574	-1.48149	30.7063
2.997	-1.49326	30.827
3.00825	-1.50508	30.9475
3.01951	-1.51719	31.0677
3.03077	-1.52913	31.1878
3.04202	-1.54113	31.3079
3.05328	-1.55343	31.4278
3.06453	-1.56555	31.5476
3.07579	-1.57798	31.6674
3.08704	-1.59023	31.7872
3.0983	-1.60279	31.9069
3.10955	-1.61518	32.0266
3.12081	-1.62787	32.1464
3.13207	-1.64038	32.2662
3.14332	-1.6532	32.3861
3.15458	-1.66583	32.5061
3.16583	-1.67878	32.6261
3.17709	-1.69154	32.7464
3.18834	-1.70435	32.8668
3.1996	-1.71748	32.9873
3.21086	-1.73042	33.108
3.22211	-1.74367	33.2289
3.23337	-1.75672	33.35
3.24462	-1.76981	33.4713
3.25588	-1.78296	33.5928
3.26713	-1.79644	33.7145
3.27839	-1.80969	33.8365
3.28964	-1.82326	33.9586
3.3009	-1.83661	34.0811
3.31216	-1.85028	34.2037
3.32341	-1.86372	34.3267
3.33467	-1.87748	34.4499
3.34592	-1.89102	34.5734
3.35718	-1.90487	34.697
3.36843	-1.91848	34.821
3.37969	-1.93242	34.9451
3.39095	-1.94612	35.0695
3.4022	-1.96014	35.1941
3.41346	-1.97392	35.319
3.42471	-1.98773	35.4441
3.43597	-2.00187	35.5693
3.44722	-2.01576	35.6948
3.45848	-2.02998	35.8204
3.46973	-2.04395	35.9463
3.48099	-2.05795	36.0723
3.49225	-2.07199	36.1985
3.5035	-2.08638	36.3247
3.51476	-2.1005	36.4512
3.52601	-2.11497	36.5776
3.53727	-2.12917	36.7043
3.54852	-2.14372	36.8309
3.55978	-2.15801	36.9578
3.57104	-2.17265	37.0846
3.58229	-2.18703	37.2116
3.59355	-2.20177	37.3386
3.6048	-2.21625	37.4657
3.61606	-2.2311	37.5927
3.62731	-2.24568	37.7199
3.63857	-2.26064	37.847
3.64982	-2.27533	37.9741
3.66108	-2.2904	38.1012
3.67234	-2.30521	38.2283
3.68359	-2.32008	38.3555
3.69485	-2.33534	38.4825
3.7061	-2.35034	38.6097
3.71736	-2.36541	38.7367
3.72861	-2.38055	38.8638
3.73987	-2.39611	38.9907
3.75113	-2.41139	39.1176
3.76238	-2.4271	39.2444
3.77364	-2.44254	39.3712
3.78489	-2.45841	39.4979
3.79615	-2.47401	39.6246
3.8074	-2.49005	39.7512
3.81866	-2.50582	39.8778
3.82991	-2.52204	40.0042
3.84117	-2.53799	40.1307
3.85243	-2.55439	40.257
3.86368	-2.57052	40.3833
3.87494	-2.5871	40.5095
3.88619	-2.60341	40.6356
3.89745	-2.62018	40.7617
3.9087	-2.63667	40.8877
3.91996	-2.65326	41.0137
3.93122	-2.66994	41.1397
3.94247	-2.68672	41.2656
3.95373	-2.70397	41.3913
3.96498	-2.72094	41.5171
3.97624	-2.73839	41.6427
3.98749	-2.75555	41.7683
3.99875	-2.77319	41.8938
4.01	-2.79054	42.0193
4.02126	-2.80797	42.1447
4.03252	-2.82629	42.2699
4.04377	-2.84391	42.3953
4.05503	-2.86163	42.5206
4.06628	-2.87945	42.6458
4.07754	-2.89816	42.7708
4.08879	-2.91616	42.8958
4.10005	-2.93425	43.0207
4.11131	-2.95242	43.1456
4.12256	-2.97109	43.2702
4.13382	-2.98985	43.3948
4.14507	-3.00828	43.5193
4.15633	-3.0268	43.6438
4.16758	-3.0454	43.7681
4.17884	-3.0645	43.8922
4.19009	-3.08327	44.0163
4.20135	-3.10212	44.1402
4.21261	-3.12105	44.2639
4.22386	-3.14091	44.3872
4.23512	-3.16	44.5106
4.24637	-3.17915	44.6337
4.25763	-3.19838	44.7566
4.26888	-3.21855	44.8792
4.28014	-3.23793	45.0016
4.2914	-3.25737	45.1239
4.30265	-3.27689	45.2459
4.31391	-3.29737	45.3675
4.32516	-3.31703	45.489
4.33642	-3.33676	45.6101
4.34767	-3.35656	45.7309
4.35893	-3.37687	45.8514
4.37018	-3.3968	45.9716
4.38144	-3.41725	46.0913
4.3927	-3.4373	46.2108
4.40395	-3.45742	46.3299
4.41521	-3.47807	46.4487
4.42646	-3.49832	46.5671
4.43772	-3.51864	46.6851
4.44897	-3.53903	46.8027
4.46023	-3.56042	46.9197
4.47149	-3.58094	47.0364
4.48274	-3.60152	47.1527
4.494	-3.62216	47.2685
4.50525	-3.64382	47.3837
4.51651	-3.66459	47.4986
4.52776	-3.68542	47.6131
4.53902	-3.70632	47.7271
4.55027	-3.72827	47.8405
4.56153	-3.7493	47.9535
4.57279	-3.7704	48.066
4.58404	-3.79157	48.178
4.5953	-3.8133	48.2894
4.60655	-3.83459	48.4004
4.61781	-3.85595	48.5109
4.62906	-3.87737	48.6208
4.64032	-3.89937	48.7302
4.65158	-3.92143	48.8391
4.66283	-3.94306	48.9475
4.67409	-3.96475	49.0554
4.68534	-3.9865	49.1628
4.6966	-4.00937	49.2695
4.70785	-4.03126	49.3759
4.71911	-4.05374	49.4816
4.73037	-4.07523	49.587
4.74162	-4.09784	49.6917
4.75288	-4.12052	49.796
4.76413	-4.1422	49.8999
4.77539	-4.16501	50.0033
4.78664	-4.1879	50.1061
4.7979	-4.21086	50.2084
4.80915	-4.23279	50.3105
4.82041	-4.25588	50.4118
4.83167	-4.27904	50.5127
4.84292	-4.30226	50.6132
4.85418	-4.32444	50.7134
4.86543	-4.34779	50.8129
4.87669	-4.37008	50.9122
4.88794	-4.39469	51.0108
4.8992	-4.41711	51.1093
4.91046	-4.44072	51.2072
4.92171	-4.46326	51.3048
4.93297	-4.487	51.4019
4.94422	-4.5108	51.4985
4.95548	-4.53466	51.5948
4.96673	-4.55742	51.6908
4.97799	-4.5814	51.7864
4.98924	-4.60543	51.8815
5.0005	-4.62835	51.9765
5.01176	-4.65249	52.0709
5.02301	-4.6767	52.1651
5.03427	-4.70097	52.2589
5.04552	-4.7241	52.3525
5.05678	-4.74848	52.4456
5.06803	-4.77291	52.5384
5.07929	-4.79739	52.6309
5.09055	-4.82071	52.7233
5.1018	-4.84529	52.8152
5.11306	-4.8687	52.9071
5.12431	-4.8946	52.9983
5.13557	-4.91811	53.0897
5.14682	-4.94289	53.1806
5.15808	-4.96649	53.2715
5.16933	-4.99137	53.3618
5.18059	-5.01631	53.452
5.19185	-5.04129	53.542
5.2031	-5.06506	53.6319
5.21436	-5.09013	53.7214
5.22561	-5.11525	53.8107
5.23687	-5.13913	53.9
5.24812	-5.16434	53.989
5.25938	-5.1896	54.0778
5.27064	-5.21491	54.1664
5.28189	-5.23897	54.2551
5.29315	-5.26437	54.3434
5.3044	-5.28982	54.4315
5.31566	-5.31532	54.5194
5.32691	-5.33953	54.6075
5.33817	-5.36511	54.6952
5.34942	-5.38939	54.783
5.36068	-5.41639	54.8702
5.37194	-5.44077	54.9578
5.38319	-5.46653	55.0451
5.39445	-5.49098	55.1325
5.4057	-5.51682	55.2195
5.41696	-5.54272	55.3065
5.42821	-5.56728	55.3936
5.43947	-5.59326	55.4803
5.45073	-5.61928	55.567
5.46198	-5.64534	55.6537
5.47324	-5.67006	55.7406
5.48449	-5.69621	55.8271
5.49575	-5.72241	55.9136
5.507	-5.74865	56
5.51826	-5.77353	56.0867
5.52951	-5.79987	56.1731
5.54077	-5.82625	56.2594
5.55203	-5.85269	56.3456
5.56328	-5.87772	56.4322
5.57454	-5.90424	56.5184
5.58579	-5.92935	56.6049
5.59705	-5.95742	56.6908
5.6083	-5.98263	56.7772
5.61956	-6.00935	56.8634
5.63082	-6.03464	56.9498
5.64207	-6.06146	57.0358
5.65333	-6.08833	57.1219
5.66458	-6.11376	57.2082
5.67584	-6.14072	57.2941
5.68709	-6.16775	57.38
5.69835	-6.19482	57.4659
5.7096	-6.22043	57.552
5.72086	-6.24761	57.6379
5.73212	-6.27486	57.7237
5.74337	-6.30217	57.8093
5.75463	-6.32799	57.8953
5.76588	-6.35541	57.9809
5.77714	-6.3829	58.0664
5.78839	-6.41044	58.1518
5.79965	-6.43648	58.2374
5.81091	-6.46415	58.3227
5.82216	-6.49188	58.4079
5.83342	-6.51968	58.493
5.84467	-6.54596	58.5784
5.85593	-6.57391	58.6633
5.86718	-6.60032	58.7484
5.87844	-6.62841	58.8331
5.88969	-6.65658	58.9176
5.90095	-6.68321	59.0024
5.91221	-6.71153	59.0866
5.92346	-6.73993	59.1707
5.93472	-6.76842	59.2546
5.94597	-6.79534	59.3388
5.95723	-6.824	59.4225
5.96848	-6.85276	59.506
5.97974	-6.88162	59.5893
5.991	-6.9089	59.6728
6.00225	-6.93795	59.7557
6.01351	-6.9671	59.8384
6.02476	-6.99635	59.9209
6.03602	-7.02401	60.0035
6.04727	-7.05347	60.0856
6.05853	-7.08304	60.1673
6.06978	-7.11273	60.249
6.08104	-7.14079	60.3307
6.0923	-7.17071	60.4119
6.10355	-7.19901	60.4932
6.11481	-7.22917	60.5738
6.12606	-7.25946	60.6542
6.13732	-7.2881	60.7347
6.14857	-7.31864	60.8145
6.15983	-7.34931	60.894
6.17109	-7.38011	60.9733
6.18234	-7.40924	61.0528
6.1936	-7.44031	61.1316
6.20485	-7.47153	61.21
6.21611	-7.50289	61.2883
6.22736	-7.53256	61.3667
6.23862	-7.56421	61.4443
6.24987	-7.596	61.5217
6.26113	-7.62795	61.5988
6.27239	-7.65819	61.676
6.28364	-7.69043	61.7525
6.2949	-7.72283	61.8287
6.30615	-7.75538	61.9047
6.31741	-7.7862	61.9808
6.32866	-7.81908	62.0562
6.33992	-7.85019	62.1318
6.35118	-7.88339	62.2066
6.36243	-7.91674	62.281
6.37369	-7.94832	62.3557
6.38494	-7.98199	62.4296
6.3962	-8.01583	62.5031
6.40745	-8.04984	62.5764
6.41871	-8.08203	62.6499
6.42997	-8.11637	62.7225
6.44122	-8.15087	62.7949
6.45248	-8.18554	62.8669
6.46373	-8.21837	62.9391
6.47499	-8.25338	63.0104
6.48624	-8.28854	63.0814
6.4975	-8.32388	63.1521
6.50875	-8.35733	63.2229
6.52001	-8.39299	63.2929
6.53127	-8.42881	63.3625
6.54252	-8.46273	63.4323
6.55378	-8.49889	63.5013
6.56503	-8.53521	63.5698
6.57629	-8.56959	63.6385
6.58754	-8.60623	63.7062
6.5988	-8.64304	63.7735
6.61005	-8.67788	63.8411
6.62131	-8.71501	63.9075
6.63257	-8.75229	63.9735
6.64382	-8.78974	64.0391
6.65508	-8.82517	64.1048
6.66633	-8.86293	64.1695
6.67759	-8.90086	64.2337
6.68884	-8.93895	64.2974
6.7001	-8.97499	64.3613
6.71136	-9.01339	64.424
6.72261	-9.05196	64.486
6.73387	-9.09068	64.5475
6.74512	-9.1273	64.6092
6.75638	-9.16632	64.6696
6.76763	-9.2055	64.7293
6.77889	-9.24255	64.7892
6.79014	-9.28204	64.8478
6.8014	-9.31937	64.9065
6.81266	-9.35917	64.9637
6.82391	-9.39913	65.0202
6.83517	-9.43925	65.076
6.84642	-9.47717	65.1319
6.85768	-9.51758	65.1862
6.86893	-9.55815	65.2398
6.88019	-9.59888	65.2926
6.89145	-9.63735	65.3454
6.9027	-9.67839	65.3967
6.91396	-9.71959	65.4471
6.92521	-9.76094	65.4967
6.93647	-9.80001	65.5464
6.94772	-9.84168	65.5943
6.95898	-9.88352	65.6413
6.97023	-9.92551	65.6874
6.98149	-9.96516	65.7335
6.99275	-10.0075	65.7778
7.004	-10.0499	65.8211
7.01526	-10.09	65.8647
7.02651	-10.1328	65.9062
7.03777	-10.1732	65.9479
7.04902	-10.2163	65.9874
7.06028	-10.2596	66.026
7.07154	-10.3031	66.0635
7.08279	-10.3441	66.1012
7.09405	-10.3879	66.1368
7.1053	-10.4319	66.1713
7.11656	-10.4761	66.2048
7.12781	-10.5177	66.2385
7.13907	-10.5623	66.27
7.15032	-10.607	66.3005
7.16158	-10.6519	66.3298
7.17284	-10.6942	66.3594
7.18409	-10.7395	66.3866
7.19535	-10.7849	66.4127
7.2066	-10.8305	66.4377
7.21786	-10.8736	66.4632
7.22911	-10.9196	66.4861
7.24037	-10.9657	66.5079
7.25163	-11.0093	66.5303
7.26288	-11.0559	66.55
7.27414	-11.0998	66.5703
7.28539	-11.1468	66.5878
7.29665	-11.194	66.6043
7.3079	-11.2414	66.6197
7.31916	-11.286	66.6357
7.33042	-11.3338	66.6489
7.34167	-11.3818	66.6611
7.35293	-11.43	66.6723
7.36418	-11.4754	66.6844
7.37544	-11.5241	66.6935
7.38669	-11.5729	66.7016
7.39795	-11.622	66.7085
7.4092	-11.6682	66.7165
7.42046	-11.7177	66.7213
7.43172	-11.7674	66.7252
7.44297	-11.8174	66.7279
7.45423	-11.8645	66.7319
7.46548	-11.9148	66.7327
7.47674	-11.9655	66.7326
7.48799	-12.0131	66.7337
7.49925	-12.0642	66.7316
7.51051	-12.1124	66.7308
7.52176	-12.1639	66.7266
7.53302	-12.2157	66.7215
7.54427	-12.2678	66.7152
7.55553	-12.3168	66.7105
7.56678	-12.3693	66.7024
7.57804	-12.4221	66.6932
7.58929	-12.4751	66.6831
7.60055	-12.525	66.6748
7.61181	-12.5786	66.6628
7.62306	-12.6323	66.6499
7.63432	-12.6864	66.6358
7.64557	-12.7373	66.6239
7.65683	-12.7919	66.6079
7.66808	-12.8468	66.591
7.67934	-12.9019	66.573
7.6906	-12.9538	66.5574
7.70185	-13.0094	66.5377
7.71311	-13.0654	66.517
7.72436	-13.118	66.4988
7.73562	-13.1746	66.4763
7.74687	-13.2278	66.4562
7.75813	-13.2849	66.4317
7.76938	-13.3423	66.4062
7.78064	-13.4	66.3798
7.7919	-13.4543	66.3561
7.80315	-13.5127	66.3278
7.81441	-13.5713	66.2984
7.82566	-13.6303	66.268
7.83692	-13.6858	66.2409
7.84817	-13.7454	66.2086
7.85943	-13.8054	66.1753
7.87069	-13.8657	66.1409
7.88194	-13.9225	66.11
7.8932	-13.9835	66.0736
7.90445	-14.0449	66.0361
7.91571	-14.1026	66.0021
7.92696	-14.1647	65.9626
7.93822	-14.2272	65.9219
7.94947	-14.2901	65.8802
7.96073	-14.3492	65.8423
7.97199	-14.4129	65.7984
7.98324	-14.4728	65.7584
7.9945	-14.5372	65.7121
8.00575	-14.6021	65.6646
8.01701	-14.6631	65.6214
8.02826	-14.7288	65.5715
8.03952	-14.7992	65.5147
8.05078	-14.8572	65.4738
8.06203	-14.9286	65.4143
8.07329	-14.9961	65.3593
8.08454	-15.0597	65.3089
8.0958	-15.1281	65.2511
8.10705	-15.1926	65.1983
8.11831	-15.262	65.1377
8.12956	-15.3319	65.0756
8.14082	-15.3978	65.0187
8.15208	-15.4687	64.9535
8.16333	-15.5448	64.8798
8.17459	-15.6075	64.8255
8.18584	-15.6848	64.7483
8.1971	-15.7532	64.6838
8.20835	-15.8269	64.6101
8.21961	-15.9012	64.5347
8.23087	-15.9712	64.465
8.24212	-16.0467	64.3857
8.25338	-16.1178	64.3125
8.26463	-16.1945	64.2292
8.27589	-16.2769	64.1352
8.28714	-16.3448	64.0645
8.2984	-16.4285	63.9658
8.30965	-16.5079	63.8733
8.32091	-16.5828	63.7874
8.33217	-16.6635	63.6901
8.34342	-16.7397	63.5996
8.35468	-16.8218	63.4969
8.36593	-16.9047	63.3915
8.37719	-16.9829	63.2932
8.38844	-17.0673	63.1819
8.3997	-17.1579	63.0568
8.41096	-17.2329	62.9605
8.42221	-17.3252	62.8287
8.43347	-17.4016	62.7266
8.44472	-17.4956	62.5875
8.45598	-17.5849	62.4558
8.46723	-17.6693	62.3323
8.47849	-17.7603	62.1929
8.48975	-17.8464	62.0619
8.501	-17.9392	61.9143
8.51226	-18.039	61.7489
8.52351	-18.1217	61.6186
8.53477	-18.2234	61.4435
8.54602	-18.3201	61.2769
8.55728	-18.4116	61.1194
8.56853	-18.5103	60.9423
8.57979	-18.6038	60.7749
8.59105	-18.7046	60.5867
8.6023	-18.8064	60.3924
8.61356	-18.9029	60.208
8.62481	-19.0069	60.0011
8.63607	-19.1187	59.7703
8.64732	-19.2117	59.5841
8.65858	-19.3259	59.3384
8.66984	-19.4209	59.1393
8.68109	-19.5376	58.8776
8.69235	-19.6487	58.6259
8.7036	-19.7539	58.3854
8.71486	-19.8675	58.1165
8.72611	-19.9751	57.8592
8.73737	-20.0911	57.5717
8.74862	-20.2157	57.2518
8.75988	-20.3196	56.9885
8.77114	-20.447	56.6465
8.78239	-20.5683	56.3159
8.79365	-20.6833	55.998
8.8049	-20.8072	55.6437
8.81616	-20.9248	55.3027
8.82741	-21.0514	54.9226
8.83867	-21.1794	54.5284
8.84993	-21.3008	54.1481
8.86118	-21.4315	53.7247
8.87244	-21.5718	53.2546
8.88369	-21.6888	52.8608
8.89495	-21.8319	52.3559
8.9062	-21.9512	51.9316
8.91746	-22.0971	51.3889
8.92871	-22.2358	50.86
8.93997	-22.3672	50.3475
8.95123	-22.5085	49.7776
8.96248	-22.6421	49.2251
8.97374	-22.7856	48.6109
8.98499	-22.9391	47.9305
8.99625	-23.0668	47.3528
9.0075	-23.2224	46.6195
9.01876	-23.3698	45.9025
9.03001	-23.5089	45.2055
9.04127	-23.6578	44.4322
9.05253	-23.798	43.68
9.06378	-23.9478	42.8458
9.07504	-24.0978	41.9783
9.08629	-24.2386	41.1343
9.09755	-24.3885	40.1994
9.1088	-24.5474	39.1661
9.12006	-24.678	38.2828
9.13132	-24.8355	37.1712
9.14257	-24.9644	36.2206
9.15383	-25.1194	35.0261
9.16508	-25.2636	33.8582
9.17634	-25.3969	32.7235
9.18759	-25.5367	31.4723
9.19885	-25.6651	30.258
9.2101	-25.799	28.9215
9.22136	-25.9373	27.4548
9.23262	-26.0473	26.2045
9.24387	-26.1766	24.6476
9.25513	-26.2929	23.1358
9.26638	-26.3965	21.6781
9.27764	-26.5013	20.0856
9.28889	-26.5931	18.5544
9.30015	-26.6845	16.887
9.31141	-26.7682	15.1842
9.32266	-26.8387	13.5561
9.33392	-26.9063	11.7935
9.34517	-26.9688	9.89401
9.35643	-27.0105	8.30536
9.36768	-27.0537	6.36393
9.37894	-27.0785	4.74841
9.39019	-27.1013	2.78185
9.40145	-27.1114	0.924113
9.41271	-27.11	-0.703707
9.42396	-27.1011	-2.78849
9.43522	-27.0817	-4.40423
9.44647	-27.0526	-6.23748
9.45773	-27.0138	-8.05347
9.46898	-26.9657	-9.84827
9.48024	-26.9086	-11.6179
9.4915	-26.8428	-13.3589
9.50275	-26.7762	-14.8525
9.51401	-26.6954	-16.531
9.52526	-26.6074	-18.1729
9.53652	-26.5127	-19.776
9.54777	-26.4117	-21.3387
9.55903	-26.3049	-22.8595
9.57028	-26.193	-24.3377
9.58154	-26.0764	-25.7724
9.5928	-25.9686	-26.9822
9.60405	-25.8446	-28.334
9.61531	-25.7172	-29.6421
9.62656	-25.5869	-30.9067
9.63782	-25.4542	-32.1282
9.64907	-25.3342	-33.1497
9.66033	-25.1827	-34.445
9.67159	-25.0601	-35.3935
9.68284	-24.9212	-36.4553
9.6941	-24.7815	-37.4784
9.70535	-24.6411	-38.4638
9.71661	-24.5005	-39.4128
9.72786	-24.3597	-40.3265
9.73912	-24.235	-41.0821
9.75037	-24.0945	-41.9324
9.76163	-23.9545	-42.7509
9.77289	-23.8149	-43.5385
9.78414	-23.6761	-44.2967
9.7954	-23.554	-44.9198
9.80665	-23.4008	-45.7288
9.81791	-23.2646	-46.4051
9.82916	-23.1452	-46.9587
9.84042	-23.0111	-47.5885
9.85168	-22.8781	-48.1947
9.86293	-22.7463	-48.7789
9.87419	-22.6158	-49.3415
9.88544	-22.5021	-49.7991
9.8967	-22.3588	-50.4063
9.90795	-22.2475	-50.8301
9.91921	-22.1223	-51.318
9.93046	-21.9984	-51.7885
9.94172	-21.876	-52.2424
9.95298	-21.7549	-52.6804
9.96423	-21.6353	-53.1031
9.97549	-21.5316	-53.4429
9.98674	-21.4146	-53.8387
9.998	-21.2991	-54.221
10.0093	-21.1849	-54.5904
10.0205	-21.0722	-54.9476
10.0318	-20.9747	-55.2323
10.043	-20.8507	-55.6267
10.0543	-20.742	-55.9496
10.0655	-20.6483	-56.2059
10.0768	-20.5421	-56.5096
10.088	-20.4373	-56.8038
10.0993	-20.3338	-57.0886
10.1106	-20.2315	-57.3646
10.1218	-20.1435	-57.5818
10.1331	-20.0307	-57.8914
10.1443	-19.9321	-58.1429
10.1556	-19.8475	-58.34
10.1668	-19.7512	-58.5779
10.1781	-19.656	-58.8087
10.1893	-19.562	-59.0329
10.2006	-19.4691	-59.2507
10.2119	-19.3895	-59.42
10.2231	-19.2987	-59.6266
10.2344	-19.2089	-59.8276
10.2456	-19.1203	-60.0233
10.2569	-19.0326	-60.2138
10.2681	-18.9576	-60.3608
10.2794	-18.8602	-60.5801
10.2906	-18.7755	-60.7563
10.3019	-18.7031	-60.8917
10.3132	-18.6202	-61.0599
10.3244	-18.5382	-61.224
10.3357	-18.457	-61.3843
10.3469	-18.3768	-61.5408
10.3582	-18.3083	-61.6607
10.3694	-18.2188	-61.8436
10.3807	-18.1411	-61.9901
10.3919	-18.0748	-62.1018
10.4032	-17.9986	-62.2426
10.4145	-17.9231	-62.3806
10.4257	-17.8484	-62.5157
10.437	-17.7744	-62.6482
10.4482	-17.7115	-62.7492
10.4595	-17.6389	-62.8772
10.4707	-17.567	-63.0029
10.482	-17.4957	-63.1264
10.4932	-17.4252	-63.2478
10.5045	-17.3651	-63.3405
10.5158	-17.2859	-63.4844
10.527	-17.2173	-63.5999
10.5383	-17.1589	-63.6881
10.5495	-17.0914	-63.8004
10.5608	-17.0244	-63.9109
10.572	-16.9581	-64.02
10.5833	-16.8923	-64.1274
10.5945	-16.8364	-64.21
10.6058	-16.7623	-64.338
10.6171	-16.6982	-64.4412
10.6283	-16.6437	-64.5207
10.6396	-16.5804	-64.6217
10.6508	-16.5177	-64.7215
10.6621	-16.4554	-64.82
10.6733	-16.3937	-64.9173
10.6846	-16.3412	-64.9929
10.6958	-16.2803	-65.0884
10.7071	-16.2199	-65.1829
10.7184	-16.1599	-65.2763
10.7296	-16.1003	-65.3688
10.7409	-16.0497	-65.4411
10.7521	-15.9823	-65.5508
10.7634	-15.9239	-65.6405
10.7746	-15.8744	-65.7109
10.7859	-15.8167	-65.7989
10.7971	-15.7594	-65.886
10.8084	-15.7025	-65.9723
10.8197	-15.646	-66.0578
10.8309	-15.598	-66.1254
10.8422	-15.5339	-66.2261
10.8534	-15.4784	-66.309
10.8647	-15.4313	-66.3749
10.8759	-15.3764	-66.4564
10.8872	-15.3218	-66.537
10.8984	-15.2675	-66.6167
10.9097	-15.2136	-66.6956
10.921	-15.1677	-66.7587
10.9322	-15.1143	-66.8361
10.9435	-15.0612	-66.9127
10.9547	-15.0084	-66.9885
10.966	-14.9558	-67.0634
10.9772	-14.9111	-67.1236
10.9885	-14.8515	-67.2106
10.9997	-14.7998	-67.2829
11.011	-14.7558	-67.341
11.0223	-14.7045	-67.4116
11.0335	-14.6535	-67.4814
11.0448	-14.6027	-67.5502
11.056	-14.5521	-67.6181
11.0673	-14.5091	-67.6729
11.0785	-14.4518	-67.7512
11.0898	-14.4019	-67.8164
11.1011	-14.3594	-67.8689
11.1123	-14.31	-67.9322
11.1236	-14.2608	-67.9946
11.1348	-14.2118	-68.0561
11.1461	-14.163	-68.1164
11.1573	-14.1214	-68.165
11.1686	-14.073	-68.2236
11.1798	-14.0248	-68.2812
11.1911	-13.9768	-68.3377
11.2024	-13.929	-68.3932
11.2136	-13.8881	-68.4376
11.2249	-13.834	-68.5009
11.2361	-13.7868	-68.5532
11.2474	-13.7464	-68.595
11.2586	-13.6995	-68.6452
11.2699	-13.6529	-68.6945
11.2811	-13.6064	-68.7426
11.2924	-13.5601	-68.7896
11.3037	-13.5204	-68.8268
11.3149	-13.4681	-68.8805
11.3262	-13.4224	-68.9242
11.3374	-13.3832	-68.9585
11.3487	-13.3378	-69.0002
11.3599	-13.2926	-69.0407
11.3712	-13.2476	-69.0801
11.3824	-13.2028	-69.1184
11.3937	-13.1643	-69.1479
11.405	-13.1198	-69.1842
11.4162	-13.0755	-69.2192
11.4275	-13.0314	-69.2532
11.4387	-12.9875	-69.2861
11.45	-12.9498	-69.3108
11.4612	-12.9003	-69.3485
11.4725	-12.8569	-69.3781
11.4837	-12.8197	-69.3997
11.495	-12.7768	-69.4271
11.5063	-12.734	-69.4534
11.5175	-12.6914	-69.4787
11.5288	-12.649	-69.5028
11.54	-12.6126	-69.5195
11.5513	-12.5649	-69.5477
11.5625	-12.5231	-69.5686
11.5738	-12.4873	-69.5824
11.585	-12.4459	-69.6011
11.5963	-12.4047	-69.6188
11.6076	-12.3638	-69.6354
11.6188	-12.323	-69.651
11.6301	-12.2881	-69.6599
11.6413	-12.2478	-69.6735
11.6526	-12.2077	-69.6859
11.6638	-12.1678	-69.6974
11.6751	-12.1281	-69.7078
11.6863	-12.0941	-69.712
11.6976	-12.0495	-69.7254
11.7089	-12.0106	-69.7327
11.7201	-11.9772	-69.7341
11.7314	-11.9387	-69.7394
11.7426	-11.9004	-69.7438
11.7539	-11.8624	-69.7471
11.7651	-11.8246	-69.7495
11.7764	-11.7923	-69.7464
11.7876	-11.7498	-69.7514
11.7989	-11.7127	-69.7509
11.8102	-11.6811	-69.745
11.8214	-11.6445	-69.7427
11.8327	-11.6082	-69.7394
11.8439	-11.5721	-69.7351
11.8552	-11.5364	-69.73
11.8664	-11.5058	-69.7199
11.8777	-11.4705	-69.7131
11.8889	-11.4355	-69.7053
11.9002	-11.4007	-69.6966
11.9115	-11.3662	-69.6872
11.9227	-11.3368	-69.673
11.934	-11.298	-69.6656
11.9452	-11.2642	-69.6535
11.9565	-11.2356	-69.637
11.9677	-11.2024	-69.6234
11.979	-11.1695	-69.6089
11.9902	-11.1368	-69.5936
12.0015	-11.1044	-69.5776
12.0128	-11.077	-69.5575
12.024	-11.0451	-69.54
12.0353	-11.0089	-69.525
12.0465	-10.9822	-69.5028
12.0578	-10.9511	-69.4831
12.069	-10.9204	-69.4627
12.0803	-10.8898	-69.4416
12.0915	-10.8596	-69.4199
12.1028	-10.8342	-69.3945
12.1141	-10.8044	-69.3715
12.1253	-10.775	-69.3478
12.1366	-10.7458	-69.3236
12.1478	-10.7169	-69.2987
12.1591	-10.6927	-69.2705
12.1703	-10.6599	-69.2473
12.1816	-10.6317	-69.2208
12.1928	-10.6083	-69.191
12.2041	-10.5807	-69.1634
12.2154	-10.5534	-69.1354
12.2266	-10.5263	-69.1069
12.2379	-10.4995	-69.0779
12.2491	-10.4772	-69.0458
12.2604	-10.4509	-69.016
12.2716	-10.4206	-68.9883
12.2829	-10.3991	-68.955
12.2941	-10.3736	-68.924
12.3054	-10.3483	-68.8926
12.3167	-10.3232	-68.8609
12.3279	-10.2985	-68.8288
12.3392	-10.2781	-68.794
12.3504	-10.2538	-68.7614
12.3617	-10.2298	-68.7284
12.3729	-10.206	-68.6952
12.3842	-10.1824	-68.6618
12.3954	-10.1632	-68.6258
12.4067	-10.136	-68.5942
12.418	-10.1131	-68.5602
12.4292	-10.0946	-68.5236
12.4405	-10.0722	-68.4893
12.4517	-10.05	-68.4547
12.463	-10.0281	-68.4201
12.4742	-10.0063	-68.3854
12.4855	-9.98886	-68.3483
12.4967	-9.96758	-68.3134
12.508	-9.94253	-68.2806
12.5193	-9.92566	-68.2434
12.5305	-9.90503	-68.2084
12.5418	-9.88461	-68.1733
12.553	-9.86439	-68.1383
12.5643	-9.84439	-68.1032
12.5755	-9.82849	-68.0661
12.5868	-9.80888	-68.0312
12.598	-9.78947	-67.9963
12.6093	-9.77025	-67.9615
12.6206	-9.75123	-67.9268
12.6318	-9.73625	-67.8901
12.6431	-9.71376	-67.8577
12.6543	-9.6953	-67.8233
12.6656	-9.68083	-67.787
12.6768	-9.66273	-67.7529
12.6881	-9.6448	-67.719
12.6993	-9.62705	-67.6853
12.7106	-9.60946	-67.6517
12.7219	-9.5958	-67.6164
12.7331	-9.57854	-67.5833
12.7444	-9.55771	-67.5523
12.7556	-9.5445	-67.5175
12.7669	-9.52772	-67.4847
12.7781	-9.51478	-67.4503
12.7894	-9.4946	-67.4198
12.8006	-9.47827	-67.3878
12.8119	-9.46575	-67.3542
12.8232	-9.4497	-67.3228
12.8344	-9.43378	-67.2916
12.8457	-9.418	-67.2608
12.8569	-9.40235	-67.2302
12.8682	-9.39045	-67.1982
12.8794	-9.37144	-67.1702
12.8907	-9.35618	-67.1406
12.902	-9.34462	-67.1096
12.9132	-9.32958	-67.0807
12.9245	-9.31466	-67.0522
12.9357	-9.29985	-67.0241
12.947	-9.28515	-66.9963
12.9582	-9.2741	-66.9671
12.9695	-9.25961	-66.9401
12.9807	-9.24169	-66.9152
12.992	-9.23091	-66.8872
13.0033	-9.21671	-66.8614
13.0145	-9.2061	-66.8341
13.0258	-9.18859	-66.8108
13.037	-9.17467	-66.7861
13.0483	-9.1643	-66.7601
13.0595	-9.15053	-66.7363
13.0708	-9.13684	-66.7128
13.082	-9.12323	-66.6897
13.0933	-9.1097	-66.667
13.1046	-9.09967	-66.6431
13.1158	-9.08285	-66.6229
13.1271	-9.06954	-66.6015
13.1383	-9.0597	-66.5788
13.1496	-9.04651	-66.5582
13.1608	-9.03339	-66.538
13.1721	-9.02032	-66.5182
13.1833	-9.00732	-66.4988
13.1946	-8.99773	-66.4782
13.2059	-8.98483	-66.4595
13.2171	-8.96865	-66.4429
13.2284	-8.9592	-66.4235
13.2396	-8.94647	-66.406
13.2509	-8.93711	-66.3874
13.2621	-8.92115	-66.3723
13.2734	-8.90856	-66.356
13.2846	-8.89932	-66.3386
13.2959	-8.88681	-66.323
13.3072	-8.87435	-66.3078
13.3184	-8.86193	-66.293
13.3297	-8.84955	-66.2785
13.3409	-8.84048	-66.2628
13.3522	-8.82491	-66.2505
13.3634	-8.81265	-66.2369
13.3747	-8.80368	-66.2223
13.3859	-8.79149	-66.2094
13.3972	-8.77933	-66.1968
13.4085	-8.76721	-66.1845
13.4197	-8.75512	-66.1725
13.431	-8.74628	-66.1594
13.4422	-8.73425	-66.148
13.4535	-8.71906	-66.1381
13.4647	-8.71028	-66.1258
13.476	-8.69835	-66.1151
13.4872	-8.68962	-66.1032
13.4985	-8.67458	-66.0942
13.5098	-8.66274	-66.0842
13.521	-8.65408	-66.073
13.5323	-8.64229	-66.0633
13.5435	-8.63053	-66.0538
13.5548	-8.6188	-66.0444
13.566	-8.6071	-66.0352
13.5773	-8.59854	-66.0249
13.5885	-8.58377	-66.0172
13.5998	-8.57215	-66.0084
13.6111	-8.56366	-65.9985
13.6223	-8.55209	-65.9899
13.6336	-8.54055	-65.9814
13.6448	-8.52903	-65.973
13.6561	-8.51754	-65.9646
13.6673	-8.50915	-65.9552
13.6786	-8.49771	-65.947
13.6898	-8.48324	-65.9399
13.7011	-8.4749	-65.9307
13.7124	-8.46354	-65.9225
13.7236	-8.45525	-65.9133
13.7349	-8.4409	-65.9063
13.7461	-8.42963	-65.8982
13.7574	-8.4214	-65.889
13.7686	-8.41017	-65.8809
13.7799	-8.39897	-65.8728
13.7911	-8.3878	-65.8646
13.8024	-8.37666	-65.8564
13.8137	-8.36853	-65.8471
13.8249	-8.35445	-65.8399
13.8362	-8.34339	-65.8315
13.8474	-8.33533	-65.822
13.8587	-8.32433	-65.8135
13.8699	-8.31336	-65.8049
13.8812	-8.30242	-65.7962
13.8924	-8.29151	-65.7875
13.9037	-8.28357	-65.7777
13.915	-8.27271	-65.7688
13.9262	-8.25896	-65.7607
13.9375	-8.25109	-65.7506
13.9487	-8.24033	-65.7414
13.96	-8.23252	-65.7311
13.9712	-8.21892	-65.7225
13.9825	-8.20827	-65.7129
13.9937	-8.20054	-65.7022
14.005	-8.18995	-65.6924
14.0163	-8.1794	-65.6824
14.0275	-8.16889	-65.6723
14.0388	-8.15841	-65.6621
14.05	-8.15083	-65.6509
14.0613	-8.13757	-65.6412
14.0725	-8.1272	-65.6306
14.0838	-8.11972	-65.6189
14.095	-8.10944	-65.608
14.1063	-8.09919	-65.597
14.1176	-8.08899	-65.5858
14.1288	-8.07883	-65.5744
14.1401	-8.07153	-65.5622
14.1513	-8.06145	-65.5506
14.1626	-8.04861	-65.5396
14.1738	-8.04142	-65.5269
14.1851	-8.03147	-65.5149
14.1963	-8.02436	-65.502
14.2076	-8.01172	-65.4903
14.2189	-8.00191	-65.4779
14.2301	-7.99492	-65.4645
14.2414	-7.98521	-65.4517
14.2526	-7.97554	-65.4388
14.2639	-7.96592	-65.4257
14.2751	-7.95636	-65.4125
14.2864	-7.94958	-65.3985
14.2976	-7.93737	-65.3857
14.3089	-7.92795	-65.3721
14.3202	-7.92131	-65.3577
14.3314	-7.91199	-65.3438
14.3427	-7.90272	-65.3297
14.3539	-7.8935	-65.3155
14.3652	-7.88433	-65.3011
14.3764	-7.87792	-65.286
14.3877	-7.86886	-65.2713
14.3989	-7.85716	-65.2572
14.4102	-7.85089	-65.2417
14.4215	-7.84198	-65.2266
14.4327	-7.8358	-65.2109
14.444	-7.82433	-65.1962
14.4552	-7.81558	-65.1807
14.4665	-7.80954	-65.1645
14.4777	-7.80089	-65.1487
14.489	-7.79229	-65.1329
14.5002	-7.78375	-65.1168
14.5115	-7.77526	-65.1007
14.5228	-7.76946	-65.0839
14.534	-7.75844	-65.0681
14.5453	-7.7501	-65.0516
14.5565	-7.74442	-65.0344
14.5678	-7.73618	-65.0176
14.579	-7.72798	-65.0006
14.5903	-7.71984	-64.9836
14.6016	-7.71174	-64.9664
14.6128	-7.70629	-64.9485
14.6241	-7.69829	-64.9311
14.6353	-7.68775	-64.9141
14.6466	-7.68243	-64.896
14.6578	-7.67457	-64.8783
14.6691	-7.66932	-64.8599
14.6803	-7.65898	-64.8424
14.6916	-7.65125	-64.8243
14.7029	-7.64612	-64.8055
14.7141	-7.63847	-64.7872
14.7254	-7.63087	-64.7687
14.7366	-7.62332	-64.7502
14.7479	-7.61581	-64.7315
14.7591	-7.61088	-64.7122
14.7704	-7.60344	-64.6935
14.7816	-7.59353	-64.6751
14.7929	-7.58869	-64.6555
14.8042	-7.58137	-64.6364
14.8154	-7.57408	-64.6172
14.8267	-7.56684	-64.5979
14.8379	-7.55964	-64.5785
14.8492	-7.55497	-64.5584
14.8604	-7.54784	-64.5388
14.8717	-7.53826	-64.5197
14.8829	-7.5337	-64.4995
14.8942	-7.52668	-64.4797
14.9055	-7.52216	-64.4594
14.9167	-7.51273	-64.4399
14.928	-7.5058	-64.4199
14.9392	-7.50137	-64.3993
14.9505	-7.49451	-64.379
14.9617	-7.48769	-64.3587
14.973	-7.4809	-64.3384
14.9842	-7.47415	-64.3179
14.9955	-7.46987	-64.2969
15.0068	-7.46318	-64.2764
15.018	-7.4541	-64.2563
15.0293	-7.44989	-64.2351
15.0405	-7.44329	-64.2143
15.0518	-7.43672	-64.1934
15.063	-7.43018	-64.1724
15.0743	-7.42368	-64.1514
15.0855	-7.4196	-64.1297
15.0968	-7.41317	-64.1085
15.1081	-7.40437	-64.0877
15.1193	-7.40039	-64.0658
15.1306	-7.39405	-64.0444
15.1418	-7.39011	-64.0224
15.1531	-7.38145	-64.0013
15.1643	-7.37519	-63.9796
15.1756	-7.37133	-63.9572
15.1868	-7.36514	-63.9353
15.1981	-7.35897	-63.9133
15.2094	-7.35285	-63.8911
15.2206	-7.34675	-63.8688
15.2319	-7.34304	-63.846
15.2431	-7.337	-63.8235
15.2544	-7.32867	-63.8015
15.2656	-7.32503	-63.7783
15.2769	-7.31908	-63.7555
15.2881	-7.31317	-63.7326
15.2994	-7.30728	-63.7095
15.3107	-7.30143	-63.6863
15.3219	-7.29793	-63.6625
15.3332	-7.29214	-63.639
15.3444	-7.28409	-63.6159
15.3557	-7.28067	-63.5916
15.3669	-7.27498	-63.5677
15.3782	-7.2716	-63.5432
15.3894	-7.26368	-63.5195
15.4007	-7.25808	-63.4952
15.412	-7.25478	-63.4702
15.4232	-7.24923	-63.4455
15.4345	-7.24372	-63.4206
15.4457	-7.23824	-63.3956
15.457	-7.23279	-63.3705
15.4682	-7.22963	-63.3446
15.4795	-7.22424	-63.3192
15.4907	-7.21664	-63.2941
15.502	-7.21355	-63.2678
15.5133	-7.20825	-63.2419
15.5245	-7.2052	-63.2152
15.5358	-7.19773	-63.1895
15.547	-7.19251	-63.163
15.5583	-7.18955	-63.1358
15.5695	-7.1844	-63.109
15.5808	-7.17706	-63.0827
15.592	-7.17418	-63.055
15.6033	-7.16912	-63.0278
15.6146	-7.16628	-62.9999
15.6258	-7.15907	-62.973
15.6371	-7.15409	-62.9454
15.6483	-7.15132	-62.917
15.6596	-7.1464	-62.8891
15.6708	-7.1415	-62.861
15.6821	-7.13663	-62.8328
15.6933	-7.1318	-62.8045
15.7046	-7.12916	-62.7755
15.7159	-7.12438	-62.7469
15.7271	-7.11748	-62.719
15.7384	-7.11491	-62.6896
15.7496	-7.11022	-62.6608
15.7609	-7.1077	-62.6313
15.7721	-7.10092	-62.6029
15.7834	-7.09631	-62.5739
15.7946	-7.09388	-62.5441
15.8059	-7.08934	-62.5149
15.8172	-7.0827	-62.4863
15.8284	-7.08035	-62.4564
15.8397	-7.0759	-62.427
15.8509	-7.0736	-62.397
15.8622	-7.0671	-62.3683
15.8734	-7.06275	-62.3389
15.8847	-7.06053	-62.3089
15.8959	-7.05625	-62.2794
15.9072	-7.05199	-62.25
15.9185	-7.04778	-62.2206
15.9297	-7.0436	-62.1912
15.941	-7.04153	-62.1612
15.9522	-7.03742	-62.1319
15.9635	-7.03127	-62.1033
15.9747	-7.0293	-62.0734
15.986	-7.02529	-62.0442
15.9972	-7.02338	-62.0144
16.0085	-7.01533	-61.9867
16.0198	-7.01555	-61.9563
16.031	-7.01169	-61.9274
16.0423	-7.00787	-61.8985
16.0535	-7.00205	-61.8705
16.0648	-6.99832	-61.8419
16.076	-6.99869	-61.8118
16.0873	-6.99502	-61.7834
16.0985	-6.98936	-61.7558
16.1098	-6.98578	-61.7275
16.1211	-6.98223	-61.6994
16.1323	-6.98276	-61.6698
16.1436	-6.97727	-61.6427
16.1548	-6.97385	-61.6149
16.1661	-6.97046	-61.5872
16.1773	-6.96711	-61.5597
16.1886	-6.9658	-61.5315
16.1999	-6.96253	-61.5042
16.2111	-6.95929	-61.4771
16.2224	-6.95609	-61.4501
16.2336	-6.95293	-61.4232
16.2449	-6.94783	-61.3973
16.2561	-6.9487	-61.369
16.2674	-6.94564	-61.3425
16.2786	-6.94263	-61.3161
16.2899	-6.93768	-61.2908
16.3011	-6.93474	-61.2647
16.3124	-6.93574	-61.2371
16.3237	-6.93285	-61.2113
16.3349	-6.92804	-61.1865
16.3462	-6.92521	-61.161
16.3574	-6.92241	-61.1355
16.3687	-6.92352	-61.1085
16.3799	-6.91883	-61.0842
16.3912	-6.91611	-61.0592
16.4025	-6.91341	-61.0343
16.4137	-6.91073	-61.0095
16.425	-6.91	-60.9839
16.4362	-6.90735	-60.9594
16.4475	-6.90472	-60.935
16.4587	-6.9021	-60.9107
16.47	-6.89949	-60.8865
16.4812	-6.8969	-60.8624
16.4925	-6.89622	-60.8374
16.5038	-6.89364	-60.8135
16.515	-6.89107	-60.7897
16.5263	-6.88661	-60.767
16.5375	-6.88405	-60.7434
16.5488	-6.88526	-60.718
16.56	-6.88268	-60.6946
16.5713	-6.87822	-60.6722
16.5825	-6.87563	-60.649
16.5938	-6.87304	-60.6258
16.6051	-6.87418	-60.6007
16.6163	-6.86968	-60.5787
16.6276	-6.86705	-60.5557
16.6388	-6.8644	-60.5328
16.6501	-6.86173	-60.51
16.6613	-6.8609	-60.4863
16.6726	-6.85818	-60.4636
16.6838	-6.85543	-60.441
16.6951	-6.85266	-60.4185
16.7064	-6.84986	-60.396
16.7176	-6.84702	-60.3735
16.7289	-6.84599	-60.35
16.7401	-6.84308	-60.3276
16.7514	-6.84015	-60.3052
16.7626	-6.83534	-60.2839
16.7739	-6.83233	-60.2617
16.7851	-6.83291	-60.2373
16.7964	-6.8298	-60.2151
16.8077	-6.82483	-60.1939
16.8189	-6.82163	-60.1717
16.8302	-6.81838	-60.1495
16.8414	-6.81868	-60.1252
16.8527	-6.81353	-60.104
16.8639	-6.81012	-60.0818
16.8752	-6.80667	-60.0595
16.8864	-6.80316	-60.0373
16.8977	-6.80138	-60.0139
16.909	-6.79776	-59.9916
16.9202	-6.79407	-59.9693
16.9315	-6.79033	-59.9469
16.9427	-6.78652	-59.9245
16.954	-6.78266	-59.902
16.9652	-6.7805	-59.8783
16.9765	-6.77652	-59.8557
16.9877	-6.77247	-59.8329
16.999	-6.76837	-59.8101
17.0103	-6.76245	-59.7883
17.0215	-6.76172	-59.7631
17.0328	-6.75743	-59.7401
17.044	-6.75132	-59.718
17.0553	-6.74691	-59.6946
17.0665	-6.74242	-59.6711
17.0778	-6.74134	-59.6453
17.089	-6.735	-59.6226
17.1003	-6.73034	-59.5986
17.1116	-6.72561	-59.5744
17.1228	-6.72082	-59.5501
17.1341	-6.71769	-59.5245
17.1453	-6.71278	-59.4998
17.1566	-6.70781	-59.4749
17.1678	-6.70277	-59.4497
17.1791	-6.69769	-59.4243
17.1903	-6.69254	-59.3986
17.2016	-6.68903	-59.3716
17.2129	-6.68376	-59.3454
17.2241	-6.67845	-59.3188
17.2354	-6.67309	-59.292
17.2466	-6.666	-59.266
17.2579	-6.66388	-59.2364
17.2691	-6.65835	-59.2087
17.2804	-6.65112	-59.1817
17.2916	-6.6455	-59.1532
17.3029	-6.63984	-59.1244
17.3142	-6.63743	-59.093
17.3254	-6.63002	-59.0646
17.3367	-6.62422	-59.0346
17.3479	-6.61839	-59.0041
17.3592	-6.61251	-58.9733
17.3704	-6.60822	-58.941
17.3817	-6.60227	-58.9093
17.3929	-6.59627	-58.8772
17.4042	-6.59025	-58.8446
17.4155	-6.58418	-58.8116
17.4267	-6.57809	-58.778
17.438	-6.57357	-58.7429
17.4492	-6.56741	-58.7084
17.4605	-6.56123	-58.6733
17.4717	-6.55502	-58.6378
17.483	-6.54721	-58.6028
17.4942	-6.54413	-58.564
17.5055	-6.53785	-58.527
17.5168	-6.52998	-58.4904
17.528	-6.52367	-58.4522
17.5393	-6.51734	-58.4135
17.5505	-6.51412	-58.3721
17.5618	-6.5062	-58.3333
17.573	-6.49983	-58.2929
17.5843	-6.49345	-58.2519
17.5955	-6.48707	-58.2104
17.6068	-6.48221	-58.1672
17.6181	-6.47581	-58.1246
17.6293	-6.46941	-58.0814
17.6406	-6.463	-58.0376
17.6518	-6.4566	-57.9933
17.6631	-6.45019	-57.9484
17.6743	-6.4453	-57.9018
17.6856	-6.4389	-57.8558
17.6968	-6.43251	-57.8092
17.7081	-6.42612	-57.762
17.7194	-6.41826	-57.7154
17.7306	-6.41488	-57.6651
17.7419	-6.40853	-57.6163
17.7531	-6.4022	-57.567
17.7644	-6.39441	-57.5183
17.7756	-6.38811	-57.468
17.7869	-6.38476	-57.415
17.7981	-6.37704	-57.3647
17.8094	-6.37081	-57.3129
17.8207	-6.3646	-57.2606
17.8319	-6.35843	-57.2078
17.8432	-6.35372	-57.1535
17.8544	-6.3476	-57.0998
17.8657	-6.34151	-57.0457
17.8769	-6.33546	-56.9911
17.8882	-6.32944	-56.9362
17.8994	-6.32346	-56.8808
17.9107	-6.31893	-56.824
17.922	-6.31303	-56.7678
17.9332	-6.30717	-56.7113
17.9445	-6.30136	-56.6544
17.9557	-6.2942	-56.5984
17.967	-6.29126	-56.5387
17.9782	-6.28559	-56.4809
17.9895	-6.27998	-56.4228
18.0007	-6.27305	-56.3655
18.012	-6.26754	-56.3069
18.0233	-6.26482	-56.2458
18.0345	-6.25807	-56.1878
18.0458	-6.25274	-56.1285
18.057	-6.24747	-56.069
18.0683	-6.24228	-56.0093
18.0795	-6.23848	-55.9483
18.0908	-6.23341	-55.8883
18.1021	-6.22841	-55.8282
18.1133	-6.22347	-55.768
18.1246	-6.21862	-55.7076
18.1358	-6.21383	-55.6472
18.1471	-6.21043	-55.5856
18.1583	-6.20579	-55.525
18.1696	-6.20123	-55.4644
18.1808	-6.19675	-55.4038
18.1921	-6.19107	-55.3444
18.2034	-6.18932	-55.2815
18.2146	-6.18508	-55.2209
18.2259	-6.18093	-55.1604
18.2371	-6.17559	-55.1011
18.2484	-6.17161	-55.0407
18.2596	-6.17023	-54.978
18.2709	-6.16517	-54.919
18.2821	-6.16145	-54.8589
18.2934	-6.15781	-54.7989
18.3047	-6.15427	-54.7391
18.3159	-6.15205	-54.6782
18.3272	-6.14869	-54.6187
18.3384	-6.14541	-54.5593
18.3497	-6.14223	-54.5002
18.3609	-6.13913	-54.4412
18.3722	-6.13613	-54.3825
18.3834	-6.13443	-54.3228
18.3947	-6.1316	-54.2645
18.406	-6.12887	-54.2064
18.4172	-6.12623	-54.1487
18.4285	-6.12249	-54.0924
18.4397	-6.1224	-54.0326
18.451	-6.12002	-53.9757
18.4622	-6.11773	-53.9191
18.4735	-6.11436	-53.864
18.4847	-6.11225	-53.808
18.496	-6.11254	-53.7497
18.5073	-6.11059	-53.6943
18.5185	-6.10757	-53.6405
18.5298	-6.10579	-53.5858
18.541	-6.10408	-53.5315
18.5523	-6.1036	-53.4762
18.5635	-6.10205	-53.4226
18.5748	-6.10058	-53.3694
18.586	-6.09917	-53.3165
18.5973	-6.09784	-53.2641
18.6086	-6.09658	-53.212
18.6198	-6.0965	-53.159
18.6311	-6.09537	-53.1077
18.6423	-6.09429	-53.0568
18.6536	-6.09328	-53.0064
18.6648	-6.09122	-52.9578
18.6761	-6.09253	-52.9054
18.6873	-6.09167	-52.8563
18.6986	-6.09087	-52.8076
18.7099	-6.08903	-52.7608
18.7211	-6.08832	-52.713
18.7324	-6.08982	-52.6628
18.7436	-6.08918	-52.616
18.7549	-6.08751	-52.571
18.7661	-6.08694	-52.5251
18.7774	-6.08641	-52.4796
18.7886	-6.0859	-52.4347
18.7999	-6.08647	-52.3887
18.8112	-6.086	-52.3447
18.8224	-6.0845	-52.3027
18.8337	-6.08511	-52.2582
18.8449	-6.08363	-52.2172
18.8562	-6.08633	-52.1707
18.8674	-6.08487	-52.1308
18.8787	-6.08342	-52.0913
18.8899	-6.08403	-52.0494
18.9012	-6.08257	-52.011
18.9125	-6.08316	-51.97
18.9237	-6.08373	-51.9296
18.935	-6.08225	-51.8929
18.9462	-6.08278	-51.8535
18.9575	-6.08127	-51.8178
18.9687	-6.08175	-51.7795
18.98	-6.0822	-51.7417
18.9912	-6.08062	-51.7077
19.0025	-6.081	-51.671
19.0138	-6.07935	-51.638
19.025	-6.07768	-51.6056
19.0363	-6.07992	-51.5674
19.0475	-6.07816	-51.5361
19.0588	-6.07637	-51.5053
19.07	-6.07649	-51.4719
19.0813	-6.0746	-51.4422
19.0925	-6.07656	-51.4066
19.1038	-6.07457	-51.3781
19.1151	-6.07253	-51.35
19.1263	-6.07237	-51.3193
19.1376	-6.07023	-51.2923
19.1488	-6.06994	-51.2627
19.1601	-6.06959	-51.2336
19.1713	-6.06726	-51.2082
19.1826	-6.06677	-51.1801
19.1938	-6.06432	-51.1557
19.2051	-6.0637	-51.1287
19.2164	-6.063	-51.1021
19.2276	-6.06035	-51.0792
19.2389	-6.05951	-51.0536
19.2501	-6.05674	-51.0317
19.2614	-6.05389	-51.0103
19.2726	-6.05468	-50.9829
19.2839	-6.05169	-50.9624
19.2951	-6.04864	-50.9423
19.3064	-6.04735	-50.9194
19.3177	-6.04415	-50.9002
19.3289	-6.04453	-50.8749
19.3402	-6.04119	-50.8565
19.3514	-6.03779	-50.8385
19.3627	-6.03612	-50.8175
19.3739	-6.03258	-50.8003
19.3852	-6.03075	-50.78
19.3964	-6.02885	-50.7602
19.4077	-6.0251	-50.7439
19.419	-6.02305	-50.7246
19.4302	-6.01915	-50.7088
19.4415	-6.01695	-50.6901
19.4527	-6.01468	-50.6716
19.464	-6.01059	-50.6566
19.4752	-6.00817	-50.6386
19.4865	-6.00395	-50.6241
19.4977	-5.99965	-50.6097
19.509	-5.99876	-50.589
19.5203	-5.99434	-50.5749
19.5315	-5.98985	-50.561
19.5428	-5.98702	-50.5439
19.554	-5.98241	-50.5302
19.5653	-5.98116	-50.5101
19.5765	-5.97643	-50.4965
19.5878	-5.97165	-50.4829
19.599	-5.9685	-50.4662
19.6103	-5.96361	-50.4527
19.6216	-5.96034	-50.436
19.6328	-5.95701	-50.4193
19.6441	-5.95195	-50.4057
19.6553	-5.9485	-50.3889
19.6666	-5.94334	-50.3752
19.6778	-5.93979	-50.3583
19.6891	-5.93618	-50.3413
19.7003	-5.93088	-50.3272
19.7116	-5.92716	-50.31
19.7229	-5.92177	-50.2957
19.7341	-5.91634	-50.2813
19.7454	-5.91409	-50.2606
19.7566	-5.90857	-50.2458
19.7679	-5.90301	-50.2309
19.7791	-5.89901	-50.2127
19.7904	-5.89338	-50.1973
19.8017	-5.89088	-50.1758
19.8129	-5.88517	-50.16
19.8242	-5.87943	-50.1439
19.8354	-5.87523	-50.1247
19.8467	-5.86942	-50.1082
19.8579	-5.86514	-50.0886
19.8692	-5.86083	-50.0686
19.8804	-5.85493	-50.0514
19.8917	-5.85055	-50.031
19.903	-5.8446	-50.0132
19.9142	-5.84016	-49.9922
19.9255	-5.83569	-49.9711
19.9367	-5.82967	-49.9525
19.948	-5.82516	-49.9308
19.9592	-5.8191	-49.9117
19.9705	-5.81304	-49.8923
19.9817	-5.80995	-49.8672
19.993	-5.80384	-49.8473
20.0043	-5.79774	-49.8271
20.0155	-5.7931	-49.804
20.0268	-5.78697	-49.7833
20.038	-5.78376	-49.757
20.0493	-5.77762	-49.7359
20.0605	-5.77148	-49.7146
20.0718	-5.76679	-49.6904
20.083	-5.76064	-49.6686
20.0943	-5.75594	-49.6441
20.1056	-5.75122	-49.6193
20.1168	-5.74508	-49.597
20.1281	-5.74037	-49.5719
20.1393	-5.73425	-49.5492
20.1506	-5.72954	-49.5238
20.1618	-5.72484	-49.4982
20.1731	-5.71876	-49.4751
20.1843	-5.71408	-49.4493
20.1956	-5.70803	-49.426
20.2069	-5.702	-49.4026
20.2181	-5.69872	-49.3741
20.2294	-5.69273	-49.3505
20.2406	-5.68812	-49.3243
20.2519	-5.68217	-49.3006
20.2631	-5.67626	-49.2768
20.2744	-5.67305	-49.2481
20.2856	-5.6672	-49.2242
20.2969	-5.66139	-49.2003
20.3082	-5.65692	-49.174
20.3194	-5.65118	-49.1501
20.3307	-5.64678	-49.1239
20.3419	-5.64241	-49.0978
20.3532	-5.63678	-49.074
20.3644	-5.63247	-49.0479
20.3757	-5.62693	-49.0242
20.3869	-5.62271	-48.9982
20.3982	-5.61852	-48.9724
20.4095	-5.61311	-48.9489
20.4207	-5.60901	-48.9232
20.432	-5.6037	-48.9
20.4432	-5.59844	-48.8768
20.4545	-5.59572	-48.8493
20.4657	-5.59055	-48.8265
20.477	-5.58667	-48.8015
20.4882	-5.58161	-48.7789
20.4995	-5.5766	-48.7565
20.5108	-5.57407	-48.7298
20.522	-5.56917	-48.7077
20.5333	-5.56432	-48.6858
20.5445	-5.56072	-48.6619
20.5558	-5.55598	-48.6404
20.567	-5.55247	-48.617
20.5783	-5.549	-48.5937
20.5895	-5.54441	-48.5728
20.6008	-5.54103	-48.5501
20.6121	-5.53654	-48.5296
20.6233	-5.53326	-48.5073
20.6346	-5.53001	-48.4852
20.6458	-5.52566	-48.4655
20.6571	-5.5225	-48.4439
20.6683	-5.51824	-48.4247
20.6796	-5.51403	-48.4057
20.6908	-5.51211	-48.3829
20.7021	-5.50798	-48.3644
20.7134	-5.505	-48.3442
20.7246	-5.50095	-48.3263
20.7359	-5.49694	-48.3087
20.7471	-5.49516	-48.2873
20.7584	-5.49121	-48.2703
20.7696	-5.4873	-48.2536
20.7809	-5.4845	-48.2352
20.7921	-5.48065	-48.219
20.8034	-5.47789	-48.2013
20.8147	-5.47515	-48.1838
20.8259	-5.47137	-48.1687
20.8372	-5.46866	-48.1519
20.8484	-5.46492	-48.1374
20.8597	-5.46223	-48.1213
20.8709	-5.45956	-48.1056
20.8822	-5.45585	-48.0921
20.8934	-5.45318	-48.0771
20.9047	-5.44949	-48.0643
20.916	-5.4458	-48.0519
20.9272	-5.44415	-48.0361
20.9385	-5.44046	-48.0244
20.9497	-5.43778	-48.0112
20.961	-5.43408	-48.0002
20.9722	-5.43038	-47.9896
20.9835	-5.42866	-47.9757
20.9947	-5.42494	-47.9659
21.006	-5.42121	-47.9564
21.0173	-5.41844	-47.9455
21.0285	-5.41468	-47.9367
21.0398	-5.41187	-47.9266
21.051	-5.40903	-47.9168
21.0623	-5.4052	-47.9092
21.0735	-5.40231	-47.9001
21.0848	-5.39844	-47.8932
21.096	-5.39549	-47.8849
21.1073	-5.39251	-47.877
21.1186	-5.38855	-47.8712
21.1298	-5.3855	-47.8641
21.1411	-5.38148	-47.859
21.1523	-5.37743	-47.8542
21.1636	-5.3752	-47.8465
21.1748	-5.37107	-47.8424
21.1861	-5.36783	-47.837
21.1973	-5.36363	-47.8337
21.2086	-5.35939	-47.8306
21.2199	-5.35693	-47.8245
21.2311	-5.35261	-47.8221
21.2424	-5.34825	-47.8199
21.2536	-5.34475	-47.8165
21.2649	-5.34031	-47.8149
21.2761	-5.33671	-47.812
21.2874	-5.33307	-47.8093
21.2986	-5.32849	-47.8084
21.3099	-5.32474	-47.8063
21.3212	-5.32007	-47.8059
21.3324	-5.31623	-47.8041
21.3437	-5.31233	-47.8026
21.3549	-5.30752	-47.8027
21.3662	-5.30353	-47.8015
21.3774	-5.29862	-47.8019
21.3887	-5.29368	-47.8024
21.4	-5.29038	-47.8001
21.4112	-5.28533	-47.8008
21.4225	-5.28108	-47.8002
21.4337	-5.27594	-47.801
21.445	-5.27076	-47.8018
21.4562	-5.26719	-47.7999
21.4675	-5.2619	-47.8008
21.4787	-5.25658	-47.8016
21.49	-5.25203	-47.801
21.5012	-5.24661	-47.8018
21.5125	-5.24277	-47.7998
21.5238	-5.23726	-47.8004
21.535	-5.23171	-47.8008
21.5463	-5.22691	-47.7999
21.5575	-5.22127	-47.8001
21.5688	-5.21637	-47.7989
21.58	-5.21142	-47.7976
21.5913	-5.20564	-47.7972
21.6026	-5.2006	-47.7955
21.6138	-5.19473	-47.7947
21.6251	-5.18882	-47.7937
21.6363	-5.18441	-47.7901
21.6476	-5.17841	-47.7886
21.6588	-5.17314	-47.7857
21.6701	-5.16706	-47.7836
21.6813	-5.16094	-47.7812
21.6926	-5.15628	-47.7764
21.7039	-5.15008	-47.7733
21.7151	-5.14384	-47.7699
21.7264	-5.13831	-47.7651
21.7376	-5.132	-47.761
21.7489	-5.12712	-47.7546
21.7601	-5.12074	-47.7497
21.7714	-5.11433	-47.7444
21.7826	-5.10861	-47.7378
21.7939	-5.10215	-47.7317
21.8052	-5.09636	-47.7244
21.8164	-5.09054	-47.7167
21.8277	-5.084	-47.7093
21.8389	-5.07813	-47.7008
21.8502	-5.07155	-47.6926
21.8614	-5.06495	-47.684
21.8727	-5.05971	-47.6735
21.8839	-5.05308	-47.6641
21.8952	-5.04711	-47.6536
21.9065	-5.04046	-47.6434
21.9177	-5.03381	-47.6327
21.929	-5.02847	-47.6203
21.9402	-5.02181	-47.6088
21.9515	-5.01515	-47.5969
21.9627	-5.00916	-47.5839
21.974	-5.00252	-47.5712
21.9852	-4.99718	-47.5569
21.9965	-4.99056	-47.5434
22.0078	-4.98397	-47.5295
22.019	-4.97802	-47.5148
22.0303	-4.97146	-47.5001
22.0415	-4.96555	-47.4846
22.0528	-4.95965	-47.4687
22.064	-4.95319	-47.4528
22.0753	-4.94736	-47.4361
22.0865	-4.94099	-47.4195
22.0978	-4.93466	-47.4025
22.1091	-4.92955	-47.3845
22.1203	-4.92332	-47.3668
22.1316	-4.91772	-47.3485
22.1428	-4.91161	-47.3301
22.1541	-4.90555	-47.3114
22.1653	-4.90069	-47.2917
22.1766	-4.89477	-47.2723
22.1878	-4.88892	-47.2524
22.1991	-4.88372	-47.232
22.2104	-4.87805	-47.2114
22.2216	-4.87355	-47.1902
22.2329	-4.86806	-47.169
22.2441	-4.86266	-47.1476
22.2554	-4.85789	-47.1256
22.2666	-4.85268	-47.1035
22.2779	-4.84808	-47.081
22.2891	-4.84359	-47.0581
22.3004	-4.83868	-47.0349
22.3117	-4.8344	-47.0114
22.3229	-4.82973	-46.9875
22.3342	-4.82518	-46.9634
22.3454	-4.82172	-46.9389
22.3567	-4.8174	-46.9142
22.3679	-4.81368	-46.8892
22.3792	-4.8096	-46.8638
22.3904	-4.80564	-46.8382
22.4017	-4.80272	-46.8123
22.413	-4.79899	-46.786
22.4242	-4.79539	-46.7594
22.4355	-4.79238	-46.7325
22.4467	-4.78904	-46.7052
22.458	-4.7867	-46.6777
22.4692	-4.78362	-46.6499
22.4805	-4.78066	-46.6218
22.4917	-4.77826	-46.5935
22.503	-4.77555	-46.5648
22.5143	-4.77338	-46.536
22.5255	-4.77131	-46.5069
22.5368	-4.76896	-46.4774
22.548	-4.76713	-46.4477
22.5593	-4.76504	-46.4177
22.5705	-4.76307	-46.3875
22.5818	-4.76197	-46.3572
22.593	-4.76024	-46.3266
22.6043	-4.75898	-46.296
22.6156	-4.75747	-46.2651
22.6268	-4.75607	-46.234
22.6381	-4.75547	-46.2031
22.6493	-4.75427	-46.1718
22.6606	-4.75318	-46.1404
22.6718	-4.75252	-46.109
22.6831	-4.75164	-46.0775
22.6943	-4.7515	-46.0462
22.7056	-4.75081	-46.0147
22.7169	-4.75021	-45.9833
22.7281	-4.75	-45.9521
22.7394	-4.74957	-45.9209
22.7506	-4.74951	-45.89
22.7619	-4.74952	-45.8592
22.7731	-4.74931	-45.8284
22.7844	-4.74947	-45.7978
22.7956	-4.74942	-45.7675
22.8069	-4.74946	-45.7374
22.8182	-4.75009	-45.7079
22.8294	-4.75025	-45.6785
22.8407	-4.75073	-45.6496
22.8519	-4.75102	-45.6211
22.8632	-4.75137	-45.593
22.8744	-4.75225	-45.5655
22.8857	-4.75271	-45.5384
22.8969	-4.75323	-45.5117
22.9082	-4.75405	-45.4857
22.9195	-4.7547	-45.4602
22.9307	-4.75584	-45.4355
22.942	-4.75661	-45.4114
22.9532	-4.75743	-45.388
22.9645	-4.75851	-45.3654
22.9757	-4.75944	-45.3436
22.987	-4.76061	-45.3227
22.9982	-4.76183	-45.3025
23.0095	-4.76291	-45.2831
23.0208	-4.76423	-45.2646
23.032	-4.76544	-45.247
23.0433	-4.76671	-45.2302
23.0545	-4.76837	-45.2146
23.0658	-4.76975	-45.1998
23.077	-4.77135	-45.1861
23.0883	-4.77284	-45.1735
23.0995	-4.77439	-45.1619
23.1108	-4.77628	-45.1513
23.1221	-4.77793	-45.1417
23.1333	-4.77964	-45.1331
23.1446	-4.78155	-45.1254
23.1558	-4.78339	-45.1188
23.1671	-4.78556	-45.1132
23.1783	-4.78753	-45.1088
23.1896	-4.78957	-45.1054
23.2008	-4.79179	-45.103
23.2121	-4.79394	-45.1018
23.2234	-4.79626	-45.1016
23.2346	-4.79863	-45.1023
23.2459	-4.80094	-45.104
23.2571	-4.80343	-45.1066
23.2684	-4.80588	-45.1102
23.2796	-4.8084	-45.1148
23.2909	-4.81117	-45.12
23.3022	-4.8138	-45.1264
23.3134	-4.81659	-45.1337
23.3247	-4.81933	-45.1419
23.3359	-4.82212	-45.1511
23.3472	-4.82512	-45.1607
23.3584	-4.82798	-45.1714
23.3697	-4.8309	-45.1829
23.3809	-4.83394	-45.1948
23.3922	-4.83694	-45.2076
23.4035	-4.84012	-45.2207
23.4147	-4.84319	-45.2349
23.426	-4.84629	-45.2498
23.4372	-4.84947	-45.2651
23.4485	-4.85259	-45.2813
23.4597	-4.85577	-45.2978
23.471	-4.85894	-45.3147
23.4822	-4.86205	-45.3324
23.4935	-4.86521	-45.3502
23.5048	-4.8683	-45.3687
23.516	-4.87138	-45.3876
23.5273	-4.87453	-45.4063
23.5385	-4.87754	-45.4261
23.5498	-4.88055	-45.4459
23.561	-4.88346	-45.4664
23.5723	-4.88631	-45.4873
23.5835	-4.88917	-45.5076
23.5948	-4.89187	-45.5289
23.6061	-4.8945	-45.5504
23.6173	-4.89709	-45.5717
23.6286	-4.89956	-45.5936
23.6398	-4.90201	-45.615
23.6511	-4.90428	-45.6374
23.6623	-4.90644	-45.6601
23.6736	-4.90852	-45.6827
23.6848	-4.91043	-45.706
23.6961	-4.91223	-45.729
23.7074	-4.91389	-45.7523
23.7186	-4.91537	-45.7761
23.7299	-4.91675	-45.7997
23.7411	-4.91796	-45.824
23.7524	-4.91901	-45.8486
23.7636	-4.91995	-45.8727
