1.62381	-0.38446	13.8183
1.63507	-0.394635	13.9792
1.64632	-0.404547	14.1417
1.65758	-0.414194	14.3056
1.66883	-0.423572	14.4707
1.68009	-0.432682	14.6369
1.69135	-0.441523	14.8041
1.7026	-0.450065	14.972
1.71386	-0.458367	15.1405
1.72511	-0.466405	15.3095
1.73637	-0.474189	15.4789
1.74762	-0.481729	15.6484
1.75888	-0.489035	15.818
1.77014	-0.496112	15.9875
1.78139	-0.502972	16.1567
1.79265	-0.509627	16.3256
1.8039	-0.516085	16.494
1.81516	-0.52232	16.6619
1.82641	-0.528419	16.8291
1.83767	-0.534356	16.9955
1.84892	-0.54015	17.161
1.86018	-0.545778	17.3257
1.87144	-0.55133	17.4894
1.88269	-0.556787	17.6519
1.89395	-0.562166	17.8134
1.9052	-0.567476	17.9736
1.91646	-0.572735	18.1327
1.92771	-0.577958	18.2904
1.93897	-0.583113	18.447
1.95023	-0.588304	18.6021
1.96148	-0.593496	18.7559
1.97274	-0.59871	18.9085
1.98399	-0.603958	19.0597
1.99525	-0.609254	19.2096
2.0065	-0.614567	19.3582
2.01776	-0.620053	19.5055
2.02901	-0.625523	19.6515
2.04027	-0.631142	19.7963
2.05153	-0.636867	19.9399
2.06278	-0.642709	20.0823
2.07404	-0.648617	20.2235
2.08529	-0.654764	20.3636
2.09655	-0.660939	20.5028
2.1078	-0.66737	20.6409
2.11906	-0.673845	20.7781
2.13032	-0.680594	20.9143
2.14157	-0.68739	21.0498
2.15283	-0.694411	21.1845
2.16408	-0.701541	21.3184
2.17534	-0.70896	21.4516
2.18659	-0.716428	21.5842
2.19785	-0.724187	21.7162
2.2091	-0.731988	21.8477
2.22036	-0.739957	21.9788
2.23162	-0.748225	22.1094
2.24287	-0.756534	22.2398
2.25413	-0.76514	22.3698
2.26538	-0.773776	22.4996
2.27664	-0.782637	22.6291
2.28789	-0.791584	22.7585
2.29915	-0.800818	22.8877
2.31041	-0.810053	23.0168
2.32166	-0.819563	23.1458
2.33292	-0.829059	23.2749
2.34417	-0.838826	23.4039
2.35543	-0.848494	23.533
2.36668	-0.858497	23.6621
2.37794	-0.868462	23.7913
2.38919	-0.878676	23.9205
2.40045	-0.888836	24.0499
2.41171	-0.89923	24.1793
2.42296	-0.90955	24.3089
2.43422	-0.920097	24.4385
2.44547	-0.93055	24.5683
2.45673	-0.941218	24.6981
2.46798	-0.951781	24.8282
2.47924	-0.962388	24.9583
2.4905	-0.973201	25.0885
2.50175	-0.983884	25.2188
2.51301	-0.994763	25.3491
2.52426	-1.0055	25.4796
2.53552	-1.01642	25.61
2.54677	-1.02719	25.7405
2.55803	-1.03797	25.871
2.56928	-1.04875	26.0015
2.58054	-1.05971	26.1319
2.5918	-1.07049	26.2623
2.60305	-1.08145	26.3926
2.61431	-1.09223	26.5228
2.62556	-1.10319	26.6528
2.63682	-1.11396	26.7827
2.64807	-1.1249	26.9124
2.65933	-1.13565	27.0419
2.67059	-1.14657	27.1711
2.68184	-1.1573	27.3002
2.6931	-1.16822	27.4289
2.70435	-1.17893	27.5574
2.71561	-1.18964	27.6856
2.72686	-1.20053	27.8133
2.73812	-1.21123	27.9409
2.74937	-1.22213	28.0679
2.76063	-1.23282	28.1947
2.77189	-1.24372	28.321
2.78314	-1.25442	28.4471
2.7944	-1.26513	28.5727
2.80565	-1.27585	28.698
2.81691	-1.28679	28.8227
2.82816	-1.29754	28.9471
2.83942	-1.30852	29.0711
2.85068	-1.31931	29.1947
2.86193	-1.33034	29.3179
2.87319	-1.34119	29.4407
2.88444	-1.35228	29.5631
2.8957	-1.36319	29.6852
2.90695	-1.37436	29.8069
2.91821	-1.38536	29.9283
2.92946	-1.39661	30.0493
2.94072	-1.4077	30.1701
2.95198	-1.41884	30.2907
2.96323	-1.43025	30.4108
2.97449	-1.4415	30.5308
2.98574	-1.45303	30.6505
2.997	-1.4644	30.77
3.00825	-1.47582	30.8894
3.01951	-1.48754	31.0085
3.03077	-1.49909	31.1276
3.04202	-1.51071	31.2466
3.05328	-1.52264	31.3654
3.06453	-1.53439	31.4842
3.07579	-1.54646	31.6029
3.08704	-1.55836	31.7217
3.0983	-1.57057	31.8404
3.10955	-1.58261	31.9592
3.12081	-1.59497	32.0779
3.13207	-1.60714	32.1969
3.14332	-1.61964	32.3158
3.15458	-1.63196	32.435
3.16583	-1.6446	32.5542
3.17709	-1.65704	32.6736
3.18834	-1.66956	32.7932
3.1996	-1.6824	32.913
3.21086	-1.69504	33.033
3.22211	-1.70801	33.1532
3.23337	-1.72078	33.2737
3.24462	-1.73361	33.3945
3.25588	-1.74649	33.5155
3.26713	-1.7597	33.6367
3.27839	-1.7727	33.7583
3.28964	-1.78602	33.88
3.3009	-1.79912	34.0022
3.31216	-1.81255	34.1246
3.32341	-1.82574	34.2474
3.33467	-1.83927	34.3703
3.34592	-1.85257	34.4937
3.35718	-1.86619	34.6173
3.36843	-1.87958	34.7412
3.37969	-1.8933	34.8654
3.39095	-1.90677	34.9899
3.4022	-1.92057	35.1147
3.41346	-1.93413	35.2398
3.42471	-1.94772	35.3651
3.43597	-1.96165	35.4907
3.44722	-1.97532	35.6165
3.45848	-1.98933	35.7425
3.46973	-2.00308	35.8689
3.48099	-2.01687	35.9954
3.49225	-2.0307	36.1221
3.5035	-2.04487	36.249
3.51476	-2.05878	36.3761
3.52601	-2.07304	36.5032
3.53727	-2.08703	36.6306
3.54852	-2.10137	36.7581
3.55978	-2.11544	36.8858
3.57104	-2.12987	37.0135
3.58229	-2.14404	37.1414
3.59355	-2.15856	37.2693
3.6048	-2.17282	37.3974
3.61606	-2.18745	37.5254
3.62731	-2.20181	37.6536
3.63857	-2.21654	37.7818
3.64982	-2.23101	37.91
3.66108	-2.24586	38.0382
3.67234	-2.26044	38.1665
3.68359	-2.27508	38.2949
3.69485	-2.29012	38.4231
3.7061	-2.30488	38.5515
3.71736	-2.31972	38.6798
3.72861	-2.33462	38.8081
3.73987	-2.34993	38.9363
3.75113	-2.36498	39.0645
3.76238	-2.38044	39.1926
3.77364	-2.39564	39.3208
3.78489	-2.41126	39.4488
3.79615	-2.42661	39.5768
3.8074	-2.4424	39.7048
3.81866	-2.45792	39.8327
3.82991	-2.47388	39.9606
3.84117	-2.48957	40.0884
3.85243	-2.50571	40.2161
3.86368	-2.52157	40.3438
3.87494	-2.53789	40.4714
3.88619	-2.55393	40.5989
3.89745	-2.57043	40.7264
3.9087	-2.58666	40.8538
3.91996	-2.60297	40.9811
3.93122	-2.61938	41.1085
3.94247	-2.63588	41.2357
3.95373	-2.65286	41.3628
3.96498	-2.66955	41.4899
3.97624	-2.68671	41.6169
3.98749	-2.70359	41.7438
3.99875	-2.72094	41.8707
4.01	-2.738	41.9975
4.02126	-2.75515	42.1242
4.03252	-2.77317	42.2507
4.04377	-2.79051	42.3773
4.05503	-2.80793	42.5038
4.06628	-2.82545	42.6303
4.07754	-2.84386	42.7565
4.08879	-2.86157	42.8827
4.10005	-2.87936	43.0088
4.11131	-2.89724	43.1348
4.12256	-2.91561	43.2607
4.13382	-2.93407	43.3864
4.14507	-2.9522	43.512
4.15633	-2.97041	43.6375
4.16758	-2.98871	43.7629
4.17884	-3.0075	43.8881
4.19009	-3.02597	44.0131
4.20135	-3.04451	44.138
4.21261	-3.06314	44.2626
4.22386	-3.08269	44.387
4.23512	-3.10147	44.5112
4.24637	-3.12032	44.6352
4.25763	-3.13924	44.759
4.26888	-3.1591	44.8825
4.28014	-3.17817	45.0058
4.2914	-3.1973	45.1288
4.30265	-3.21651	45.2516
4.31391	-3.23668	45.3741
4.32516	-3.25604	45.4962
4.33642	-3.27546	45.6181
4.34767	-3.29495	45.7396
4.35893	-3.31496	45.8607
4.37018	-3.33458	45.9815
4.38144	-3.35472	46.1019
4.3927	-3.37447	46.222
4.40395	-3.39429	46.3417
4.41521	-3.41463	46.4611
4.42646	-3.43458	46.58
4.43772	-3.4546	46.6985
4.44897	-3.47468	46.8166
4.46023	-3.49576	46.9342
4.47149	-3.51598	47.0514
4.48274	-3.53625	47.1681
4.494	-3.55659	47.2844
4.50525	-3.57795	47.4001
4.51651	-3.59842	47.5154
4.52776	-3.61895	47.6303
4.53902	-3.63955	47.7447
4.55027	-3.66119	47.8585
4.56153	-3.68193	47.9719
4.57279	-3.70273	48.0848
4.58404	-3.72359	48.1971
4.5953	-3.74502	48.3089
4.60655	-3.76601	48.4202
4.61781	-3.78707	48.531
4.62906	-3.80819	48.6412
4.64032	-3.82988	48.751
4.65158	-3.85164	48.8602
4.66283	-3.87296	48.9689
4.67409	-3.89435	49.0772
4.68534	-3.9158	49.1849
4.6966	-3.93836	49.292
4.70785	-3.95994	49.3986
4.71911	-3.98211	49.5047
4.73037	-4.0033	49.6104
4.74162	-4.0256	49.7155
4.75288	-4.04796	49.8201
4.76413	-4.06933	49.9243
4.77539	-4.09183	50.0279
4.78664	-4.11439	50.1311
4.7979	-4.13703	50.2338
4.80915	-4.15865	50.3361
4.82041	-4.18141	50.4379
4.83167	-4.20424	50.5392
4.84292	-4.22713	50.64
4.85418	-4.24899	50.7404
4.86543	-4.272	50.8404
4.87669	-4.29396	50.94
4.88794	-4.31821	51.0391
4.8992	-4.3403	51.1379
4.91046	-4.36356	51.2361
4.92171	-4.38576	51.3341
4.93297	-4.40915	51.4316
4.94422	-4.43259	51.5287
4.95548	-4.45609	51.6253
4.96673	-4.47849	51.7217
4.97799	-4.5021	51.8176
4.98924	-4.52576	51.9132
5.0005	-4.54832	52.0085
5.01176	-4.57209	52.1035
5.02301	-4.59591	52.1981
5.03427	-4.6198	52.2923
5.04552	-4.64256	52.3863
5.05678	-4.66654	52.4799
5.06803	-4.69058	52.5731
5.07929	-4.71466	52.6661
5.09055	-4.73759	52.7589
5.1018	-4.76177	52.8512
5.11306	-4.78478	52.9434
5.12431	-4.81026	53.0353
5.13557	-4.83337	53.127
5.14682	-4.85774	53.2184
5.15808	-4.88093	53.3096
5.16933	-4.90539	53.4005
5.18059	-4.9299	53.4912
5.19185	-4.95446	53.5816
5.2031	-4.97781	53.6719
5.21436	-5.00245	53.7619
5.22561	-5.02714	53.8517
5.23687	-5.0506	53.9415
5.24812	-5.07537	54.031
5.25938	-5.10019	54.1203
5.27064	-5.12506	54.2094
5.28189	-5.1487	54.2985
5.29315	-5.17365	54.3873
5.3044	-5.19866	54.4759
5.31566	-5.22371	54.5644
5.32691	-5.24749	54.6529
5.33817	-5.27262	54.7411
5.34942	-5.29647	54.8294
5.36068	-5.32301	54.9173
5.37194	-5.34695	55.0053
5.38319	-5.37226	55.0932
5.39445	-5.39628	55.1811
5.4057	-5.42168	55.2687
5.41696	-5.44712	55.3563
5.42821	-5.47126	55.4439
5.43947	-5.49679	55.5313
5.45073	-5.52236	55.6187
5.46198	-5.54798	55.706
5.47324	-5.57226	55.7935
5.48449	-5.59797	55.8807
5.49575	-5.62373	55.968
5.507	-5.64954	56.0552
5.51826	-5.67399	56.1425
5.52951	-5.69989	56.2297
5.54077	-5.72584	56.3168
5.55203	-5.75184	56.4039
5.56328	-5.77646	56.4912
5.57454	-5.80254	56.5783
5.58579	-5.82725	56.6656
5.59705	-5.85487	56.7526
5.6083	-5.87967	56.84
5.61956	-5.90596	56.9272
5.63082	-5.93086	57.0145
5.64207	-5.95725	57.1017
5.65333	-5.9837	57.1889
5.66458	-6.00874	57.2762
5.67584	-6.03529	57.3634
5.68709	-6.0619	57.4506
5.69835	-6.08856	57.5378
5.7096	-6.11378	57.6251
5.72086	-6.14056	57.7124
5.73212	-6.16739	57.7997
5.74337	-6.1943	57.8869
5.75463	-6.21974	57.9743
5.76588	-6.24676	58.0615
5.77714	-6.27384	58.1486
5.78839	-6.30098	58.2358
5.79965	-6.32664	58.3231
5.81091	-6.35391	58.4102
5.82216	-6.38124	58.4972
5.83342	-6.40865	58.5843
5.84467	-6.43455	58.6716
5.85593	-6.4621	58.7586
5.86718	-6.48814	58.8457
5.87844	-6.51583	58.9326
5.88969	-6.54359	59.0194
5.90095	-6.56984	59.1063
5.91221	-6.59776	59.193
5.92346	-6.62576	59.2795
5.93472	-6.65384	59.366
5.94597	-6.68037	59.4527
5.95723	-6.70862	59.539
5.96848	-6.73697	59.6253
5.97974	-6.76541	59.7114
5.991	-6.79228	59.7976
6.00225	-6.82091	59.8834
6.01351	-6.84963	59.9692
6.02476	-6.87845	60.0548
6.03602	-6.90569	60.1403
6.04727	-6.93471	60.2256
6.05853	-6.96383	60.3107
6.06978	-6.99306	60.3957
6.08104	-7.02069	60.4807
6.0923	-7.05014	60.5653
6.10355	-7.07798	60.65
6.11481	-7.10766	60.7342
6.12606	-7.13746	60.8183
6.13732	-7.16563	60.9023
6.14857	-7.19567	60.986
6.15983	-7.22582	61.0693
6.17109	-7.2561	61.1525
6.18234	-7.28473	61.2357
6.1936	-7.31526	61.3186
6.20485	-7.34593	61.4011
6.21611	-7.37672	61.4835
6.22736	-7.40585	61.5658
6.23862	-7.43692	61.6477
6.24987	-7.46812	61.7293
6.26113	-7.49947	61.8107
6.27239	-7.52912	61.892
6.28364	-7.56074	61.9729
6.2949	-7.5925	62.0536
6.30615	-7.62441	62.134
6.31741	-7.6546	62.2143
6.32866	-7.6868	62.2942
6.33992	-7.71727	62.3741
6.35118	-7.74977	62.4534
6.36243	-7.78242	62.5325
6.37369	-7.81331	62.6115
6.38494	-7.84625	62.69
6.3962	-7.87935	62.7681
6.40745	-7.9126	62.846
6.41871	-7.94407	62.9239
6.42997	-7.97763	63.0012
6.44122	-8.01134	63.0782
6.45248	-8.04522	63.1549
6.46373	-8.07727	63.2315
6.47499	-8.11145	63.3075
6.48624	-8.14579	63.3832
6.4975	-8.18028	63.4585
6.50875	-8.21291	63.5337
6.52001	-8.24771	63.6083
6.53127	-8.28266	63.6826
6.54252	-8.31573	63.7568
6.55378	-8.35099	63.8303
6.56503	-8.38641	63.9034
6.57629	-8.41992	63.9764
6.58754	-8.45565	64.0488
6.5988	-8.49154	64.1207
6.61005	-8.52548	64.1925
6.62131	-8.56166	64.2634
6.63257	-8.598	64.334
6.64382	-8.63449	64.4041
6.65508	-8.669	64.4741
6.66633	-8.7058	64.5433
6.67759	-8.74275	64.612
6.68884	-8.77987	64.6802
6.7001	-8.81496	64.7483
6.71136	-8.85238	64.8155
6.72261	-8.88996	64.8821
6.73387	-8.92768	64.9481
6.74512	-8.96334	65.0139
6.75638	-9.00136	65.0788
6.76763	-9.03953	65.1431
6.77889	-9.07562	65.2072
6.79014	-9.11409	65.2704
6.8014	-9.15046	65.3333
6.81266	-9.18925	65.3952
6.82391	-9.22819	65.4563
6.83517	-9.26728	65.5168
6.84642	-9.30422	65.577
6.85768	-9.34361	65.6361
6.86893	-9.38316	65.6945
6.88019	-9.42285	65.7522
6.89145	-9.46035	65.8096
6.9027	-9.50035	65.8658
6.91396	-9.54051	65.9213
6.92521	-9.58082	65.976
6.93647	-9.6189	66.0305
6.94772	-9.65953	66.0836
6.95898	-9.70031	66.136
6.97023	-9.74126	66.1875
6.98149	-9.7799	66.2387
6.99275	-9.82114	66.2886
7.004	-9.86254	66.3377
7.01526	-9.90162	66.3866
7.02651	-9.94334	66.4341
7.03777	-9.98271	66.4813
7.04902	-10.0248	66.527
7.06028	-10.067	66.5719
7.07154	-10.1093	66.6158
7.08279	-10.1493	66.6596
7.09405	-10.192	66.7018
7.1053	-10.2348	66.7431
7.11656	-10.2779	66.7835
7.12781	-10.3184	66.8239
7.13907	-10.3618	66.8626
7.15032	-10.4053	66.9003
7.16158	-10.449	66.9371
7.17284	-10.4902	66.9739
7.18409	-10.5342	67.0089
7.19535	-10.5784	67.0429
7.2066	-10.6228	67.076
7.21786	-10.6647	67.1091
7.22911	-10.7094	67.1404
7.24037	-10.7543	67.1708
7.25163	-10.7966	67.2013
7.26288	-10.8418	67.2298
7.27414	-10.8844	67.2585
7.28539	-10.93	67.2852
7.29665	-10.9758	67.3109
7.3079	-11.0218	67.3357
7.31916	-11.0651	67.3606
7.33042	-11.1114	67.3836
7.34167	-11.1579	67.4056
7.35293	-11.2046	67.4268
7.36418	-11.2485	67.4483
7.37544	-11.2956	67.4676
7.38669	-11.3428	67.4861
7.39795	-11.3903	67.5035
7.4092	-11.435	67.5215
7.42046	-11.4828	67.537
7.43172	-11.5308	67.5517
7.44297	-11.5791	67.5655
7.45423	-11.6244	67.5798
7.46548	-11.6731	67.5919
7.47674	-11.7219	67.603
7.48799	-11.7678	67.6148
7.49925	-11.8171	67.6242
7.51051	-11.8634	67.6343
7.52176	-11.9131	67.6419
7.53302	-11.963	67.6485
7.54427	-12.013	67.6542
7.55553	-12.0602	67.6607
7.56678	-12.1107	67.6647
7.57804	-12.1614	67.6677
7.58929	-12.2124	67.6699
7.60055	-12.2604	67.6732
7.61181	-12.3118	67.6737
7.62306	-12.3635	67.6733
7.63432	-12.4154	67.672
7.64557	-12.4643	67.6719
7.65683	-12.5167	67.6688
7.66808	-12.5694	67.6649
7.67934	-12.6223	67.66
7.6906	-12.6721	67.6567
7.70185	-12.7255	67.6502
7.71311	-12.7792	67.6429
7.72436	-12.8297	67.6373
7.73562	-12.884	67.6284
7.74687	-12.935	67.6211
7.75813	-12.9898	67.6105
7.76938	-13.0449	67.5991
7.78064	-13.1003	67.5869
7.7919	-13.1524	67.5765
7.80315	-13.2083	67.5626
7.81441	-13.2646	67.5479
7.82566	-13.3212	67.5324
7.83692	-13.3745	67.5191
7.84817	-13.4317	67.5021
7.85943	-13.4893	67.4843
7.87069	-13.5473	67.4656
7.88194	-13.6018	67.4493
7.8932	-13.6604	67.4291
7.90445	-13.7193	67.408
7.91571	-13.7748	67.3895
7.92696	-13.8345	67.3669
7.93822	-13.8945	67.3435
7.94947	-13.955	67.3193
7.96073	-14.0118	67.298
7.97199	-14.073	67.2722
7.98324	-14.1306	67.2494
7.9945	-14.1926	67.2221
8.00575	-14.255	67.1939
8.01701	-14.3137	67.1689
8.02826	-14.377	67.1391
8.03952	-14.4448	67.1043
8.05078	-14.5005	67.0814
8.06203	-14.5693	67.0448
8.07329	-14.6343	67.0117
8.08454	-14.6955	66.9821
8.0958	-14.7614	66.9473
8.10705	-14.8235	66.9162
8.11831	-14.8904	66.8796
8.12956	-14.9577	66.842
8.14082	-15.0212	66.8085
8.15208	-15.0895	66.769
8.16333	-15.1628	66.7234
8.17459	-15.2233	66.6925
8.18584	-15.2977	66.6447
8.1971	-15.3636	66.6066
8.20835	-15.4346	66.5619
8.21961	-15.5062	66.5161
8.23087	-15.5737	66.4749
8.24212	-15.6464	66.4267
8.25338	-15.715	66.3833
8.26463	-15.7889	66.3327
8.27589	-15.8682	66.2744
8.28714	-15.9337	66.2337
8.2984	-16.0143	66.1723
8.30965	-16.0907	66.116
8.32091	-16.1628	66.0647
8.33217	-16.2406	66.0052
8.34342	-16.3139	65.951
8.35468	-16.393	65.8882
8.36593	-16.4728	65.8234
8.37719	-16.5481	65.7643
8.38844	-16.6294	65.6957
8.3997	-16.7166	65.6172
8.41096	-16.7887	65.5603
8.42221	-16.8775	65.4773
8.43347	-16.951	65.4167
8.44472	-17.0415	65.3287
8.45598	-17.1274	65.2466
8.46723	-17.2086	65.1708
8.47849	-17.2962	65.0835
8.48975	-17.3789	65.0026
8.501	-17.4682	64.9096
8.51226	-17.5642	64.8037
8.52351	-17.6437	64.7241
8.53477	-17.7416	64.6114
8.54602	-17.8346	64.5053
8.55728	-17.9227	64.4061
8.56853	-18.0177	64.2927
8.57979	-18.1076	64.1866
8.59105	-18.2046	64.0654
8.6023	-18.3027	63.94
8.61356	-18.3956	63.8219
8.62481	-18.4958	63.6875
8.63607	-18.6036	63.5357
8.64732	-18.6933	63.4168
8.65858	-18.8035	63.2544
8.66984	-18.8952	63.1265
8.68109	-19.0079	62.9527
8.69235	-19.1152	62.7864
8.7036	-19.217	62.6285
8.71486	-19.3269	62.4499
8.72611	-19.4312	62.28
8.73737	-19.5437	62.0881
8.74862	-19.6647	61.8726
8.75988	-19.7656	61.6987
8.77114	-19.8896	61.4674
8.78239	-20.0078	61.2445
8.79365	-20.12	61.0311
8.8049	-20.2411	60.7911
8.81616	-20.3562	60.5609
8.82741	-20.4803	60.3024
8.83867	-20.6061	60.0337
8.84993	-20.7256	59.7752
8.86118	-20.8546	59.4853
8.87244	-20.9933	59.1614
8.88369	-21.1093	58.8932
8.89495	-21.2516	58.5439
8.9062	-21.3706	58.2534
8.91746	-21.5165	57.8765
8.92871	-21.6558	57.5096
8.93997	-21.7882	57.1544
8.95123	-21.931	56.7572
8.96248	-22.0668	56.3722
8.97374	-22.2132	55.942
8.98499	-22.3706	55.4628
8.99625	-22.5024	55.0582
9.0075	-22.6636	54.539
9.01876	-22.8175	54.0309
9.03001	-22.9637	53.5364
9.04127	-23.1211	52.9847
9.05253	-23.2706	52.447
9.06378	-23.4316	51.8474
9.07504	-23.5944	51.2211
9.08629	-23.7487	50.6099
9.09755	-23.9147	49.9285
9.1088	-24.0925	49.1701
9.12006	-24.2408	48.5211
9.13132	-24.4217	47.6959
9.14257	-24.5722	46.9883
9.15383	-24.7556	46.0897
9.16508	-24.9293	45.2049
9.17634	-25.0932	44.339
9.18759	-25.2683	43.3749
9.19885	-25.433	42.431
9.2101	-25.6086	41.3808
9.22136	-25.795	40.2141
9.23262	-25.9482	39.2097
9.24387	-26.1331	37.9414
9.25513	-26.306	36.6928
9.26638	-26.4665	35.4724
9.27764	-26.6355	34.1184
9.28889	-26.7915	32.7961
9.30015	-26.9547	31.3316
9.31141	-27.1141	29.8089
9.32266	-27.259	28.3261
9.33392	-27.4089	26.69
9.34517	-27.5618	24.8896
9.35643	-27.681	23.3529
9.36768	-27.8193	21.4359
9.37894	-27.9249	19.8058
9.39019	-28.0455	17.7798
9.40145	-28.1483	15.8213
9.41271	-28.2283	14.0678
9.42396	-28.3216	11.7751
9.43522	-28.381	9.95648
9.44647	-28.439	7.85362
9.45773	-28.4842	5.72738
9.46898	-28.5162	3.5844
9.48024	-28.5346	1.43164
9.4915	-28.5395	-0.723886
9.50275	-28.5304	-2.60414
9.51401	-28.5099	-4.7446
9.52526	-28.4762	-6.86751
9.53652	-28.4297	-8.96629
9.54777	-28.3709	-11.0349
9.55903	-28.3003	-13.0675
9.57028	-28.2186	-15.0592
9.58154	-28.1265	-17.0056
9.5928	-28.0353	-18.6583
9.60405	-27.9258	-20.5095
9.61531	-27.8081	-22.3064
9.62656	-27.683	-24.0474
9.63782	-27.5512	-25.7312
9.64907	-27.4288	-27.1422
9.66033	-27.271	-28.9243
9.67159	-27.1402	-30.232
9.68284	-26.9898	-31.6903
9.6941	-26.8362	-33.0919
9.70535	-26.6799	-34.4378
9.71661	-26.5214	-35.7293
9.72786	-26.3614	-36.9679
9.73912	-26.2184	-37.99
9.75037	-26.0565	-39.1332
9.76163	-25.894	-40.2284
9.77289	-25.7313	-41.2772
9.78414	-25.5688	-42.2816
9.7954	-25.4255	-43.1046
9.80665	-25.245	-44.1644
9.81791	-25.0842	-45.0464
9.82916	-24.9431	-45.7657
9.84042	-24.7843	-46.5788
9.85168	-24.6267	-47.3576
9.86293	-24.4705	-48.1038
9.87419	-24.3157	-48.8189
9.88544	-24.1807	-49.3984
9.8967	-24.0108	-50.1618
9.90795	-23.8788	-50.693
9.91921	-23.7303	-51.3011
9.93046	-23.5836	-51.8846
9.94172	-23.4386	-52.445
9.95298	-23.2954	-52.9831
9.96423	-23.154	-53.5002
9.97549	-23.0315	-53.9146
9.98674	-22.8935	-54.3948
9.998	-22.7574	-54.8567
10.0093	-22.623	-55.3013
10.0205	-22.4905	-55.7294
10.0318	-22.376	-56.0699
10.043	-22.2306	-56.5388
10.0543	-22.1034	-56.9216
10.0655	-21.9937	-57.2248
10.0768	-21.8697	-57.5826
10.088	-21.7474	-57.9279
10.0993	-21.6268	-58.2613
10.1106	-21.5078	-58.5833
10.1218	-21.4055	-58.8365
10.1331	-21.2747	-59.1952
10.1443	-21.1605	-59.4862
10.1556	-21.0625	-59.714
10.1668	-20.9512	-59.9878
10.1781	-20.8415	-60.253
10.1893	-20.7332	-60.5097
10.2006	-20.6263	-60.7586
10.2119	-20.5348	-60.952
10.2231	-20.4306	-61.1871
10.2344	-20.3279	-61.4153
10.2456	-20.2264	-61.637
10.2569	-20.1263	-61.8524
10.2681	-20.0407	-62.0187
10.2794	-19.9298	-62.2651
10.2906	-19.8334	-62.463
10.3019	-19.7512	-62.6151
10.3132	-19.6571	-62.8033
10.3244	-19.5641	-62.9866
10.3357	-19.4724	-63.1652
10.3469	-19.3817	-63.3393
10.3582	-19.3044	-63.4727
10.3694	-19.2036	-63.6749
10.3807	-19.1161	-63.8367
10.3919	-19.0416	-63.9603
10.4032	-18.956	-64.1153
10.4145	-18.8714	-64.2668
10.4257	-18.7877	-64.4149
10.437	-18.705	-64.5598
10.4482	-18.6347	-64.6703
10.4595	-18.5536	-64.8097
10.4707	-18.4735	-64.9462
10.482	-18.3942	-65.08
10.4932	-18.3157	-65.2113
10.5045	-18.249	-65.3114
10.5158	-18.1611	-65.4662
10.527	-18.0849	-65.5902
10.5383	-18.0203	-65.6849
10.5495	-17.9456	-65.8048
10.5608	-17.8716	-65.9227
10.572	-17.7983	-66.0387
10.5833	-17.7256	-66.1527
10.5945	-17.6641	-66.2401
10.6058	-17.5824	-66.3753
10.6171	-17.5117	-66.4841
10.6283	-17.4518	-66.5677
10.6396	-17.3822	-66.6737
10.6508	-17.3133	-66.7781
10.6621	-17.2449	-66.881
10.6733	-17.1771	-66.9825
10.6846	-17.1197	-67.0609
10.6958	-17.0529	-67.1601
10.7071	-16.9867	-67.2581
10.7184	-16.9209	-67.3548
10.7296	-16.8557	-67.4503
10.7409	-16.8004	-67.5247
10.7521	-16.7266	-67.6379
10.7634	-16.6628	-67.7301
10.7746	-16.6087	-67.8022
10.7859	-16.5457	-67.8925
10.7971	-16.4832	-67.9818
10.8084	-16.4211	-68.0701
10.8197	-16.3594	-68.1575
10.8309	-16.307	-68.2265
10.8422	-16.2372	-68.3295
10.8534	-16.1767	-68.4142
10.8647	-16.1253	-68.4812
10.8759	-16.0655	-68.5643
10.8872	-16.006	-68.6466
10.8984	-15.9469	-68.7279
10.9097	-15.8882	-68.8083
10.921	-15.8382	-68.8727
10.9322	-15.7801	-68.9517
10.9435	-15.7224	-69.03
10.9547	-15.6649	-69.1074
10.966	-15.6078	-69.184
10.9772	-15.5591	-69.2457
10.9885	-15.4944	-69.3347
10.9997	-15.4382	-69.4087
11.011	-15.3903	-69.4686
11.0223	-15.3347	-69.5411
11.0335	-15.2793	-69.6128
11.0448	-15.2242	-69.6838
11.056	-15.1694	-69.7538
11.0673	-15.1227	-69.8108
11.0785	-15.0606	-69.8915
11.0898	-15.0067	-69.959
11.1011	-14.9606	-70.014
11.1123	-14.9071	-70.0798
11.1236	-14.8539	-70.1449
11.1348	-14.8009	-70.209
11.1461	-14.7482	-70.2722
11.1573	-14.7031	-70.3238
11.1686	-14.6509	-70.3852
11.1798	-14.5989	-70.4458
11.1911	-14.5471	-70.5055
11.2024	-14.4956	-70.5642
11.2136	-14.4515	-70.612
11.2249	-14.3933	-70.6785
11.2361	-14.3425	-70.7342
11.2474	-14.299	-70.7795
11.2586	-14.2487	-70.8332
11.2699	-14.1986	-70.886
11.2811	-14.1487	-70.9377
11.2924	-14.0991	-70.9883
11.3037	-14.0566	-71.0293
11.3149	-14.0005	-71.0863
11.3262	-13.9516	-71.1337
11.3374	-13.9096	-71.1719
11.3487	-13.8611	-71.2172
11.3599	-13.8129	-71.2614
11.3712	-13.7648	-71.3045
11.3824	-13.717	-71.3464
11.3937	-13.676	-71.3798
11.405	-13.6287	-71.4196
11.4162	-13.5815	-71.4582
11.4275	-13.5346	-71.4957
11.4387	-13.4879	-71.532
11.45	-13.4479	-71.5604
11.4612	-13.3953	-71.6012
11.4725	-13.3493	-71.6339
11.4837	-13.3099	-71.6591
11.495	-13.2644	-71.6896
11.5063	-13.2191	-71.719
11.5175	-13.174	-71.7472
11.5288	-13.1292	-71.7742
11.54	-13.0908	-71.7941
11.5513	-13.0403	-71.8246
11.5625	-12.9962	-71.8481
11.5738	-12.9584	-71.8647
11.585	-12.9148	-71.8858
11.5963	-12.8714	-71.9058
11.6076	-12.8282	-71.9246
11.6188	-12.7853	-71.9422
11.6301	-12.7485	-71.9535
11.6413	-12.7061	-71.9689
11.6526	-12.6639	-71.9831
11.6638	-12.622	-71.9962
11.6751	-12.5803	-72.0081
11.6863	-12.5446	-72.0141
11.6976	-12.4977	-72.0284
11.7089	-12.4568	-72.0368
11.7201	-12.4218	-72.0397
11.7314	-12.3813	-72.046
11.7426	-12.3412	-72.0512
11.7539	-12.3013	-72.0554
11.7651	-12.2616	-72.0584
11.7764	-12.2277	-72.0563
11.7876	-12.1831	-72.0613
11.7989	-12.1443	-72.0612
11.8102	-12.1111	-72.056
11.8214	-12.0728	-72.0539
11.8327	-12.0347	-72.0507
11.8439	-11.9969	-72.0465
11.8552	-11.9594	-72.0413
11.8664	-11.9274	-72.0316
11.8777	-11.8904	-72.0246
11.8889	-11.8537	-72.0166
11.9002	-11.8172	-72.0076
11.9115	-11.7811	-71.9977
11.9227	-11.7503	-71.9836
11.934	-11.7095	-71.9752
11.9452	-11.6742	-71.9626
11.9565	-11.6442	-71.946
11.9677	-11.6094	-71.9317
11.979	-11.5749	-71.9167
11.9902	-11.5407	-71.9007
12.0015	-11.5067	-71.884
12.0128	-11.478	-71.8635
12.024	-11.4446	-71.8452
12.0353	-11.4065	-71.829
12.0465	-11.3786	-71.8063
12.0578	-11.3461	-71.7858
12.069	-11.3138	-71.7645
12.0803	-11.2818	-71.7425
12.0915	-11.2501	-71.7199
12.1028	-11.2235	-71.694
12.1141	-11.1923	-71.67
12.1253	-11.1614	-71.6454
12.1366	-11.1309	-71.6202
12.1478	-11.1006	-71.5943
12.1591	-11.0752	-71.5655
12.1703	-11.0408	-71.5409
12.1816	-11.0114	-71.5133
12.1928	-10.9868	-71.4829
12.2041	-10.9579	-71.4542
12.2154	-10.9293	-71.4251
12.2266	-10.9009	-71.3955
12.2379	-10.8728	-71.3654
12.2491	-10.8496	-71.3326
12.2604	-10.8221	-71.3016
12.2716	-10.7903	-71.2723
12.2829	-10.7678	-71.2382
12.2941	-10.7411	-71.2059
12.3054	-10.7146	-71.1733
12.3167	-10.6884	-71.1403
12.3279	-10.6625	-71.1068
12.3392	-10.6413	-71.0711
12.3504	-10.6159	-71.037
12.3617	-10.5907	-71.0027
12.3729	-10.5659	-70.968
12.3842	-10.5412	-70.9331
12.3954	-10.5212	-70.8959
12.4067	-10.4928	-70.8624
12.418	-10.4689	-70.8267
12.4292	-10.4495	-70.7889
12.4405	-10.4262	-70.7527
12.4517	-10.403	-70.7164
12.463	-10.3801	-70.68
12.4742	-10.3575	-70.6434
12.4855	-10.3392	-70.6047
12.4967	-10.317	-70.5679
12.508	-10.2909	-70.5327
12.5193	-10.2733	-70.4938
12.5305	-10.2518	-70.4566
12.5418	-10.2305	-70.4193
12.553	-10.2094	-70.382
12.5643	-10.1886	-70.3446
12.5755	-10.172	-70.3055
12.5868	-10.1516	-70.2682
12.598	-10.1313	-70.2308
12.6093	-10.1113	-70.1935
12.6206	-10.0914	-70.1562
12.6318	-10.0758	-70.1172
12.6431	-10.0523	-70.0817
12.6543	-10.0331	-70.0446
12.6656	-10.018	-70.0059
12.6768	-9.9991	-69.9689
12.6881	-9.98039	-69.9321
12.6993	-9.96185	-69.8954
12.7106	-9.94349	-69.8589
12.7219	-9.92921	-69.821
12.7331	-9.91117	-69.7847
12.7444	-9.8894	-69.7503
12.7556	-9.87558	-69.7127
12.7669	-9.85802	-69.6768
12.7781	-9.84448	-69.6395
12.7894	-9.82336	-69.6055
12.8006	-9.80626	-69.5703
12.8119	-9.79313	-69.5337
12.8232	-9.7763	-69.499
12.8344	-9.75961	-69.4646
12.8457	-9.74305	-69.4305
12.8569	-9.72663	-69.3967
12.8682	-9.71411	-69.3616
12.8794	-9.69416	-69.33
12.8907	-9.67811	-69.2971
12.902	-9.66593	-69.2631
12.9132	-9.65011	-69.231
12.9245	-9.6344	-69.1993
12.9357	-9.6188	-69.1679
12.947	-9.60331	-69.1369
12.9582	-9.59162	-69.1048
12.9695	-9.57633	-69.0746
12.9807	-9.55747	-69.0463
12.992	-9.54605	-69.0154
13.0033	-9.53105	-68.9865
13.0145	-9.51979	-68.9565
13.0258	-9.50133	-68.9299
13.037	-9.4866	-68.9022
13.0483	-9.47557	-68.8736
13.0595	-9.461	-68.8469
13.0708	-9.44651	-68.8205
13.082	-9.4321	-68.7947
13.0933	-9.41776	-68.7693
13.1046	-9.40707	-68.743
13.1158	-9.38932	-68.7198
13.1271	-9.3752	-68.6958
13.1383	-9.3647	-68.6709
13.1496	-9.35071	-68.6478
13.1608	-9.33679	-68.6252
13.1721	-9.32293	-68.6031
13.1833	-9.30913	-68.5814
13.1946	-9.29889	-68.5588
13.2059	-9.28521	-68.538
13.2171	-9.2681	-68.519
13.2284	-9.25801	-68.4978
13.2396	-9.24449	-68.4784
13.2509	-9.23449	-68.4581
13.2621	-9.21763	-68.4408
13.2734	-9.20427	-68.4227
13.2846	-9.1944	-68.4038
13.2959	-9.18113	-68.3865
13.3072	-9.16791	-68.3697
13.3184	-9.15474	-68.3533
13.3297	-9.14161	-68.3372
13.3409	-9.13193	-68.3203
13.3522	-9.1155	-68.3063
13.3634	-9.10251	-68.2914
13.3747	-9.09293	-68.2757
13.3859	-9.08002	-68.2615
13.3972	-9.06715	-68.2477
13.4085	-9.05432	-68.2342
13.4197	-9.04153	-68.2211
13.431	-9.03211	-68.2071
13.4422	-9.01939	-68.1946
13.4535	-9.00339	-68.1835
13.4647	-8.99405	-68.1704
13.476	-8.98145	-68.1587
13.4872	-8.97217	-68.1462
13.4985	-8.95634	-68.1362
13.5098	-8.94384	-68.1252
13.521	-8.93464	-68.1135
13.5323	-8.92221	-68.103
13.5435	-8.9098	-68.0928
13.5548	-8.89742	-68.0827
13.566	-8.88508	-68.0728
13.5773	-8.87601	-68.0621
13.5885	-8.8605	-68.0535
13.5998	-8.84826	-68.0441
13.6111	-8.83926	-68.0338
13.6223	-8.82707	-68.0246
13.6336	-8.81492	-68.0156
13.6448	-8.80279	-68.0066
13.6561	-8.7907	-67.9978
13.6673	-8.78181	-67.9881
13.6786	-8.76977	-67.9794
13.6898	-8.75459	-67.9717
13.7011	-8.74577	-67.9623
13.7124	-8.73381	-67.9537
13.7236	-8.72503	-67.9443
13.7349	-8.70999	-67.9367
13.7461	-8.69813	-67.9283
13.7574	-8.68942	-67.919
13.7686	-8.6776	-67.9106
13.7799	-8.66582	-67.9022
13.7911	-8.65406	-67.8937
13.8024	-8.64233	-67.8853
13.8137	-8.63372	-67.8761
13.8249	-8.61896	-67.8683
13.8362	-8.60731	-67.8598
13.8474	-8.59877	-67.8504
13.8587	-8.58719	-67.8418
13.8699	-8.57563	-67.8331
13.8812	-8.56411	-67.8243
13.8924	-8.55262	-67.8156
13.9037	-8.54419	-67.806
13.915	-8.53275	-67.7971
13.9262	-8.51832	-67.7888
13.9375	-8.50997	-67.7791
13.9487	-8.49862	-67.7699
13.96	-8.49032	-67.76
13.9712	-8.47604	-67.7514
13.9825	-8.4648	-67.742
13.9937	-8.45659	-67.7319
14.005	-8.44542	-67.7223
14.0163	-8.43429	-67.7127
14.0275	-8.42319	-67.703
14.0388	-8.41213	-67.6932
14.05	-8.40407	-67.6827
14.0613	-8.39013	-67.6733
14.0725	-8.37919	-67.6632
14.0838	-8.37124	-67.6524
14.095	-8.36038	-67.6422
14.1063	-8.34956	-67.6318
14.1176	-8.33879	-67.6213
14.1288	-8.32807	-67.6107
14.1401	-8.3203	-67.5995
14.1513	-8.30966	-67.5888
14.1626	-8.29617	-67.5784
14.1738	-8.28853	-67.5669
14.1851	-8.27804	-67.5559
14.1963	-8.27048	-67.5442
14.2076	-8.2572	-67.5334
14.2189	-8.24687	-67.522
14.2301	-8.23945	-67.51
14.2414	-8.22921	-67.4984
14.2526	-8.21903	-67.4867
14.2639	-8.20891	-67.4748
14.2751	-8.19884	-67.4629
14.2864	-8.19166	-67.4504
14.2976	-8.17887	-67.4387
14.3089	-8.16897	-67.4264
14.3202	-8.16195	-67.4136
14.3314	-8.15217	-67.401
14.3427	-8.14244	-67.3883
14.3539	-8.13277	-67.3755
14.3652	-8.12317	-67.3626
14.3764	-8.11642	-67.3491
14.3877	-8.10693	-67.3359
14.3989	-8.09473	-67.323
14.4102	-8.08814	-67.3091
14.4215	-8.07883	-67.2955
14.4327	-8.07235	-67.2814
14.444	-8.0604	-67.2679
14.4552	-8.05128	-67.2538
14.4665	-8.04496	-67.2393
14.4777	-8.03596	-67.2249
14.489	-8.02702	-67.2104
14.5002	-8.01813	-67.1957
14.5115	-8.00931	-67.1809
14.5228	-8.00327	-67.1656
14.534	-7.99185	-67.1509
14.5453	-7.9832	-67.1356
14.5565	-7.97731	-67.1198
14.5678	-7.96877	-67.1042
14.579	-7.96028	-67.0884
14.5903	-7.95185	-67.0724
14.6016	-7.94348	-67.0563
14.6128	-7.93784	-67.0397
14.6241	-7.92957	-67.0232
14.6353	-7.91869	-67.0069
14.6466	-7.9132	-66.9899
14.6578	-7.90509	-66.973
14.6691	-7.89967	-66.9556
14.6803	-7.889	-66.9387
14.6916	-7.88103	-66.9212
14.7029	-7.87574	-66.9034
14.7141	-7.86785	-66.8856
14.7254	-7.86002	-66.8676
14.7366	-7.85223	-66.8495
14.7479	-7.84449	-66.8313
14.7591	-7.8394	-66.8127
14.7704	-7.83174	-66.7942
14.7816	-7.82151	-66.7759
14.7929	-7.81651	-66.7569
14.8042	-7.80896	-66.7379
14.8154	-7.80144	-66.7189
14.8267	-7.79396	-66.6996
14.8379	-7.78652	-66.6803
14.8492	-7.78169	-66.6605
14.8604	-7.77432	-66.6409
14.8717	-7.76443	-66.6215
14.8829	-7.7597	-66.6014
14.8942	-7.75243	-66.5815
14.9055	-7.74774	-66.5613
14.9167	-7.73798	-66.5415
14.928	-7.7308	-66.5213
14.9392	-7.72618	-66.5006
14.9505	-7.71906	-66.4802
14.9617	-7.71198	-66.4596
14.973	-7.70492	-66.439
14.9842	-7.6979	-66.4183
14.9955	-7.69343	-66.3972
15.0068	-7.68646	-66.3764
15.018	-7.67702	-66.3557
15.0293	-7.67261	-66.3345
15.0405	-7.66573	-66.3134
15.0518	-7.65888	-66.2922
15.063	-7.65205	-66.2709
15.0743	-7.64526	-66.2495
15.0855	-7.64098	-66.2278
15.0968	-7.63425	-66.2063
15.1081	-7.62509	-66.185
15.1193	-7.6209	-66.1631
15.1306	-7.61426	-66.1413
15.1418	-7.61011	-66.1193
15.1531	-7.60109	-66.0977
15.1643	-7.59454	-66.0758
15.1756	-7.59047	-66.0534
15.1868	-7.58399	-66.0312
15.1981	-7.57754	-66.0089
15.2094	-7.57113	-65.9866
15.2206	-7.56476	-65.9641
15.2319	-7.56084	-65.9413
15.2431	-7.55454	-65.9187
15.2544	-7.54586	-65.8963
15.2656	-7.54202	-65.8732
15.2769	-7.53581	-65.8502
15.2881	-7.52964	-65.8271
15.2994	-7.5235	-65.8039
15.3107	-7.5174	-65.7805
15.3219	-7.51372	-65.7567
15.3332	-7.50769	-65.7331
15.3444	-7.49933	-65.7096
15.3557	-7.49575	-65.6854
15.3669	-7.48984	-65.6613
15.3782	-7.48631	-65.6368
15.3894	-7.4781	-65.6128
15.4007	-7.47229	-65.5882
15.412	-7.46885	-65.5631
15.4232	-7.4631	-65.5382
15.4345	-7.45739	-65.5131
15.4457	-7.45172	-65.4878
15.457	-7.44609	-65.4623
15.4682	-7.44281	-65.4363
15.4795	-7.43724	-65.4105
15.4907	-7.42939	-65.3849
15.502	-7.4262	-65.3584
15.5133	-7.42072	-65.332
15.5245	-7.41758	-65.305
15.5358	-7.40987	-65.2786
15.547	-7.40449	-65.2516
15.5583	-7.40143	-65.224
15.5695	-7.39612	-65.1966
15.5808	-7.38856	-65.1694
15.592	-7.38559	-65.1413
15.6033	-7.38036	-65.1134
15.6146	-7.37743	-65.0849
15.6258	-7.36999	-65.057
15.6371	-7.36485	-65.0286
15.6483	-7.36198	-64.9995
15.6596	-7.35689	-64.9707
15.6708	-7.35183	-64.9418
15.6821	-7.34679	-64.9126
15.6933	-7.34178	-64.8834
15.7046	-7.33903	-64.8536
15.7159	-7.33407	-64.8241
15.7271	-7.32691	-64.7949
15.7384	-7.32422	-64.7648
15.7496	-7.31932	-64.7349
15.7609	-7.31667	-64.7046
15.7721	-7.30962	-64.675
15.7834	-7.3048	-64.6449
15.7946	-7.30221	-64.6143
15.8059	-7.29744	-64.584
15.8172	-7.29051	-64.5543
15.8284	-7.28799	-64.5235
15.8397	-7.2833	-64.4932
15.8509	-7.28082	-64.4624
15.8622	-7.274	-64.4326
15.8734	-7.26939	-64.4023
15.8847	-7.26697	-64.3716
15.8959	-7.26241	-64.3413
15.9072	-7.25788	-64.3111
15.9185	-7.25339	-64.2809
15.9297	-7.24892	-64.2508
15.941	-7.24663	-64.2203
15.9522	-7.24222	-64.1904
15.9635	-7.23571	-64.1611
15.9747	-7.2335	-64.1309
15.986	-7.22919	-64.1013
15.9972	-7.22704	-64.0713
16.0085	-7.21855	-64.043
16.0198	-7.21859	-64.0126
16.031	-7.21442	-63.9835
16.0423	-7.21029	-63.9546
16.0535	-7.2041	-63.9264
16.0648	-7.20005	-63.8978
16.076	-7.20023	-63.8682
16.0873	-7.19626	-63.84
16.0985	-7.19024	-63.8124
16.1098	-7.18635	-63.7845
16.1211	-7.18251	-63.7568
16.1323	-7.18286	-63.728
16.1436	-7.17702	-63.7012
16.1548	-7.17331	-63.674
16.1661	-7.16965	-63.647
16.1773	-7.16603	-63.6202
16.1886	-7.16451	-63.593
16.1999	-7.16097	-63.5666
16.2111	-7.15748	-63.5403
16.2224	-7.15403	-63.5143
16.2336	-7.15063	-63.4884
16.2449	-7.14523	-63.4633
16.2561	-7.146	-63.4364
16.2674	-7.14273	-63.4111
16.2786	-7.13951	-63.3859
16.2899	-7.1343	-63.3615
16.3011	-7.13117	-63.3367
16.3124	-7.13211	-63.3106
16.3237	-7.12904	-63.2861
16.3349	-7.12401	-63.2624
16.3462	-7.12102	-63.2381
16.3574	-7.11807	-63.214
16.3687	-7.11916	-63.1886
16.3799	-7.11428	-63.1654
16.3912	-7.11143	-63.1417
16.4025	-7.10861	-63.1181
16.4137	-7.10582	-63.0946
16.425	-7.10503	-63.0705
16.4362	-7.10228	-63.0472
16.4475	-7.09955	-63.0241
16.4587	-7.09684	-63.001
16.47	-7.09415	-62.9779
16.4812	-7.09147	-62.955
16.4925	-7.09076	-62.9314
16.5038	-7.0881	-62.9086
16.515	-7.08545	-62.8859
16.5263	-7.08086	-62.864
16.5375	-7.07821	-62.8415
16.5488	-7.07946	-62.8174
16.56	-7.07681	-62.795
16.5713	-7.0722	-62.7735
16.5825	-7.06953	-62.7511
16.5938	-7.06685	-62.7289
16.6051	-7.06801	-62.705
16.6163	-7.06337	-62.6837
16.6276	-7.06063	-62.6615
16.6388	-7.05788	-62.6395
16.6501	-7.0551	-62.6175
16.6613	-7.05421	-62.5947
16.6726	-7.05137	-62.5729
16.6838	-7.04849	-62.551
16.6951	-7.04558	-62.5293
16.7064	-7.04262	-62.5075
16.7176	-7.03964	-62.4858
16.7289	-7.0385	-62.4633
16.7401	-7.03542	-62.4417
16.7514	-7.03231	-62.4202
16.7626	-7.02726	-62.3996
16.7739	-7.02405	-62.3782
16.7851	-7.02454	-62.3551
16.7964	-7.02121	-62.3338
16.8077	-7.01596	-62.3134
16.8189	-7.01253	-62.2923
16.8302	-7.00904	-62.2711
16.8414	-7.00922	-62.2482
16.8527	-7.00375	-62.2281
16.8639	-7.00009	-62.207
16.8752	-6.99637	-62.1861
16.8864	-6.9926	-62.1652
16.8977	-6.9906	-62.1434
16.909	-6.98669	-62.1227
16.9202	-6.98272	-62.1019
16.9315	-6.97869	-62.0811
16.9427	-6.9746	-62.0604
16.954	-6.97044	-62.0397
16.9652	-6.96805	-62.0181
16.9765	-6.96377	-61.9974
16.9877	-6.95944	-61.9767
16.999	-6.95504	-61.956
17.0103	-6.94879	-61.9362
17.0215	-6.94788	-61.9136
17.0328	-6.94331	-61.8928
17.044	-6.93688	-61.873
17.0553	-6.93219	-61.8521
17.0665	-6.92744	-61.8312
17.0778	-6.92621	-61.8083
17.089	-6.91957	-61.7881
17.1003	-6.91466	-61.7668
17.1116	-6.90971	-61.7454
17.1228	-6.9047	-61.7239
17.1341	-6.90141	-61.7014
17.1453	-6.8963	-61.6796
17.1566	-6.89114	-61.6576
17.1678	-6.88593	-61.6354
17.1791	-6.88068	-61.613
17.1903	-6.87538	-61.5904
17.2016	-6.87178	-61.5665
17.2129	-6.8664	-61.5433
17.2241	-6.86098	-61.5199
17.2354	-6.85552	-61.4961
17.2466	-6.84829	-61.473
17.2579	-6.84621	-61.4467
17.2691	-6.84063	-61.422
17.2804	-6.8333	-61.3978
17.2916	-6.82765	-61.3722
17.3029	-6.82197	-61.3463
17.3142	-6.81967	-61.3181
17.3254	-6.81222	-61.2922
17.3367	-6.80644	-61.2649
17.3479	-6.80064	-61.2371
17.3592	-6.79481	-61.2089
17.3704	-6.79063	-61.1792
17.3817	-6.78474	-61.15
17.3929	-6.77883	-61.1202
17.4042	-6.77288	-61.0899
17.4155	-6.76691	-61.059
17.4267	-6.76092	-61.0275
17.438	-6.75656	-60.9945
17.4492	-6.75051	-60.9619
17.4605	-6.74445	-60.9286
17.4717	-6.73836	-60.8947
17.483	-6.73062	-60.8611
17.4942	-6.72777	-60.8242
17.5055	-6.72163	-60.7884
17.5168	-6.71383	-60.753
17.528	-6.70765	-60.716
17.5393	-6.70145	-60.6783
17.5505	-6.69846	-60.6381
17.5618	-6.69061	-60.6
17.573	-6.68436	-60.5604
17.5843	-6.6781	-60.52
17.5955	-6.67182	-60.479
17.6068	-6.66713	-60.4365
17.6181	-6.66083	-60.3943
17.6293	-6.65452	-60.3514
17.6406	-6.6482	-60.3078
17.6518	-6.64187	-60.2636
17.6631	-6.63554	-60.2188
17.6743	-6.63077	-60.1724
17.6856	-6.62442	-60.1264
17.6968	-6.61807	-60.0797
17.7081	-6.61173	-60.0324
17.7194	-6.60384	-59.9855
17.7306	-6.60058	-59.9352
17.7419	-6.59424	-59.8862
17.7531	-6.5879	-59.8366
17.7644	-6.58005	-59.7875
17.7756	-6.57373	-59.7368
17.7869	-6.57046	-59.6838
17.7981	-6.56265	-59.6331
17.8094	-6.55637	-59.5809
17.8207	-6.55012	-59.5283
17.8319	-6.54388	-59.4752
17.8432	-6.53915	-59.4207
17.8544	-6.53296	-59.3668
17.8657	-6.52679	-59.3124
17.8769	-6.52065	-59.2576
17.8882	-6.51455	-59.2025
17.8994	-6.50847	-59.1469
17.9107	-6.5039	-59.0901
17.922	-6.49789	-59.0338
17.9332	-6.49193	-58.9773
17.9445	-6.48602	-58.9204
17.9557	-6.47871	-58.8642
17.967	-6.47577	-58.8048
17.9782	-6.47	-58.7471
17.9895	-6.46428	-58.6891
18.0007	-6.4572	-58.632
18.012	-6.4516	-58.5735
18.0233	-6.44889	-58.513
18.0345	-6.442	-58.4551
18.0458	-6.43659	-58.3962
18.057	-6.43125	-58.337
18.0683	-6.42598	-58.2777
18.0795	-6.42217	-58.2173
18.0908	-6.41704	-58.1577
18.1021	-6.41199	-58.0981
18.1133	-6.40702	-58.0383
18.1246	-6.40213	-57.9785
18.1358	-6.39733	-57.9186
18.1471	-6.39396	-57.8576
18.1583	-6.38932	-57.7976
18.1696	-6.38476	-57.7375
18.1808	-6.3803	-57.6775
18.1921	-6.37459	-57.6184
18.2034	-6.37297	-57.5562
18.2146	-6.36878	-57.4962
18.2259	-6.36468	-57.4361
18.2371	-6.35935	-57.3772
18.2484	-6.35545	-57.3172
18.2596	-6.35425	-57.2551
18.2709	-6.34922	-57.1963
18.2821	-6.34559	-57.1365
18.2934	-6.34207	-57.0768
18.3047	-6.33864	-57.0172
18.3159	-6.33659	-56.9565
18.3272	-6.33334	-56.8971
18.3384	-6.3302	-56.8378
18.3497	-6.32715	-56.7787
18.3609	-6.32419	-56.7197
18.3722	-6.32133	-56.6608
18.3834	-6.31982	-56.601
18.3947	-6.31715	-56.5424
18.406	-6.31456	-56.4841
18.4172	-6.31207	-56.4259
18.4285	-6.30843	-56.3691
18.4397	-6.30858	-56.309
18.451	-6.30635	-56.2515
18.4622	-6.30421	-56.1942
18.4735	-6.30093	-56.1384
18.4847	-6.29895	-56.0816
18.496	-6.29948	-56.0227
18.5073	-6.29766	-55.9664
18.5185	-6.29471	-55.9117
18.5298	-6.29305	-55.856
18.541	-6.29145	-55.8006
18.5523	-6.29112	-55.7444
18.5635	-6.28966	-55.6897
18.5748	-6.28827	-55.6353
18.586	-6.28695	-55.5813
18.5973	-6.28568	-55.5276
18.6086	-6.28448	-55.4743
18.6198	-6.2845	-55.4201
18.6311	-6.2834	-55.3676
18.6423	-6.28235	-55.3155
18.6536	-6.28135	-55.2638
18.6648	-6.27926	-55.2139
18.6761	-6.28065	-55.1604
18.6873	-6.27978	-55.11
18.6986	-6.27895	-55.0601
18.7099	-6.27702	-55.012
18.7211	-6.27626	-54.963
18.7324	-6.27779	-54.9118
18.7436	-6.27708	-54.8638
18.7549	-6.27528	-54.8176
18.7661	-6.27462	-54.7706
18.7774	-6.27398	-54.7241
18.7886	-6.27336	-54.6782
18.7999	-6.27386	-54.6314
18.8112	-6.27326	-54.5865
18.8224	-6.27157	-54.5436
18.8337	-6.27208	-54.4984
18.8449	-6.27041	-54.4567
18.8562	-6.27309	-54.4097
18.8674	-6.27141	-54.3691
18.8787	-6.26974	-54.3291
18.8899	-6.27022	-54.2868
18.9012	-6.26853	-54.2479
18.9125	-6.26898	-54.2068
18.9237	-6.26941	-54.1662
18.935	-6.26768	-54.1292
18.9462	-6.26806	-54.0898
18.9575	-6.2663	-54.054
18.9687	-6.26663	-54.0158
18.98	-6.26692	-53.9782
18.9912	-6.26508	-53.9443
19.0025	-6.26531	-53.9079
19.0138	-6.26341	-53.8752
19.025	-6.26149	-53.8431
19.0363	-6.26366	-53.8054
19.0475	-6.26165	-53.7746
19.0588	-6.25962	-53.7443
19.07	-6.25958	-53.7116
19.0813	-6.25746	-53.6825
19.0925	-6.25935	-53.6478
19.1038	-6.25713	-53.62
19.1151	-6.25487	-53.5927
19.1263	-6.25456	-53.5629
19.1376	-6.25219	-53.5367
19.1488	-6.25178	-53.508
19.1601	-6.25129	-53.4799
19.1713	-6.24876	-53.4555
19.1826	-6.24815	-53.4285
19.1938	-6.2455	-53.4052
19.2051	-6.24476	-53.3792
19.2164	-6.24395	-53.3537
19.2276	-6.24112	-53.3319
19.2389	-6.24017	-53.3075
19.2501	-6.23721	-53.2867
19.2614	-6.23419	-53.2664
19.2726	-6.23498	-53.2403
19.2839	-6.23182	-53.2209
19.2951	-6.2286	-53.202
19.3064	-6.22723	-53.1803
19.3177	-6.22388	-53.1622
19.3289	-6.22427	-53.1382
19.3402	-6.22078	-53.1209
19.3514	-6.21723	-53.104
19.3627	-6.2155	-53.0843
19.3739	-6.21181	-53.0681
19.3852	-6.20993	-53.049
19.3964	-6.20798	-53.0303
19.4077	-6.20409	-53.0151
19.419	-6.20199	-52.997
19.4302	-6.19796	-52.9823
19.4415	-6.19572	-52.9646
19.4527	-6.19341	-52.9473
19.464	-6.18919	-52.9333
19.4752	-6.18674	-52.9163
19.4865	-6.18239	-52.9027
19.4977	-6.17798	-52.8892
19.509	-6.17714	-52.8697
19.5203	-6.1726	-52.8566
19.5315	-6.168	-52.8435
19.5428	-6.16514	-52.8274
19.554	-6.16042	-52.8145
19.5653	-6.15923	-52.7954
19.5765	-6.15439	-52.7826
19.5878	-6.14951	-52.7698
19.599	-6.14634	-52.754
19.6103	-6.14134	-52.7412
19.6216	-6.13806	-52.7254
19.6328	-6.13471	-52.7095
19.6441	-6.12955	-52.6965
19.6553	-6.1261	-52.6805
19.6666	-6.12085	-52.6674
19.6778	-6.11728	-52.6512
19.6891	-6.11367	-52.6348
19.7003	-6.10828	-52.6214
19.7116	-6.10457	-52.6048
19.7229	-6.0991	-52.591
19.7341	-6.09359	-52.577
19.7454	-6.09143	-52.557
19.7566	-6.08583	-52.5426
19.7679	-6.0802	-52.528
19.7791	-6.07622	-52.5103
19.7904	-6.07052	-52.4952
19.8017	-6.06813	-52.4741
19.8129	-6.06235	-52.4585
19.8242	-6.05656	-52.4427
19.8354	-6.05238	-52.4238
19.8467	-6.04652	-52.4074
19.8579	-6.04228	-52.3879
19.8692	-6.03799	-52.3682
19.8804	-6.03205	-52.3509
19.8917	-6.02771	-52.3305
19.903	-6.02172	-52.3127
19.9142	-6.01732	-52.2917
19.9255	-6.01289	-52.2704
19.9367	-6.00685	-52.2516
19.948	-6.00237	-52.2298
19.9592	-5.99629	-52.2104
19.9705	-5.9902	-52.1907
19.9817	-5.98723	-52.1652
19.993	-5.9811	-52.1449
20.0043	-5.97497	-52.1243
20.0155	-5.97038	-52.1007
20.0268	-5.96423	-52.0795
20.038	-5.96115	-52.0526
20.0493	-5.95499	-52.0309
20.0605	-5.94882	-52.0088
20.0718	-5.94418	-51.9839
20.083	-5.93801	-51.9613
20.0943	-5.93335	-51.936
20.1056	-5.92869	-51.9104
20.1168	-5.92252	-51.8871
20.1281	-5.91785	-51.8611
20.1393	-5.9117	-51.8374
20.1506	-5.90704	-51.811
20.1618	-5.90238	-51.7844
20.1731	-5.89626	-51.7602
20.1843	-5.89161	-51.7333
20.1956	-5.88553	-51.7088
20.2069	-5.87946	-51.6842
20.2181	-5.87628	-51.6545
20.2294	-5.87025	-51.6297
20.2406	-5.86566	-51.6023
20.2519	-5.85967	-51.5772
20.2631	-5.85371	-51.5521
20.2744	-5.85059	-51.5221
20.2856	-5.84469	-51.4969
20.2969	-5.83882	-51.4716
20.3082	-5.83438	-51.444
20.3194	-5.82858	-51.4187
20.3307	-5.82419	-51.3911
20.3419	-5.81983	-51.3636
20.3532	-5.81414	-51.3384
20.3644	-5.80984	-51.3109
20.3757	-5.80424	-51.2858
20.3869	-5.80002	-51.2585
20.3982	-5.79585	-51.2312
20.4095	-5.79038	-51.2063
20.4207	-5.78629	-51.1792
20.432	-5.78092	-51.1546
20.4432	-5.77561	-51.13
20.4545	-5.77296	-51.1011
20.4657	-5.76774	-51.0769
20.477	-5.76387	-51.0505
20.4882	-5.75876	-51.0265
20.4995	-5.75371	-51.0027
20.5108	-5.75126	-50.9746
20.522	-5.74632	-50.9511
20.5333	-5.74143	-50.9278
20.5445	-5.73786	-50.9025
20.5558	-5.73308	-50.8795
20.567	-5.72961	-50.8547
20.5783	-5.72618	-50.83
20.5895	-5.72157	-50.8077
20.6008	-5.71824	-50.7834
20.6121	-5.71373	-50.7615
20.6233	-5.7105	-50.7377
20.6346	-5.70731	-50.7141
20.6458	-5.70296	-50.6929
20.6571	-5.69986	-50.6698
20.6683	-5.69561	-50.649
20.6796	-5.6914	-50.6284
20.6908	-5.68962	-50.604
20.7021	-5.6855	-50.5839
20.7134	-5.6826	-50.5621
20.7246	-5.67857	-50.5425
20.7359	-5.67458	-50.5232
20.7471	-5.67294	-50.5001
20.7584	-5.66902	-50.4813
20.7696	-5.66514	-50.4627
20.7809	-5.66243	-50.4424
20.7921	-5.6586	-50.4245
20.8034	-5.65594	-50.4047
20.8147	-5.65328	-50.3853
20.8259	-5.64953	-50.3681
20.8372	-5.64691	-50.3493
20.8484	-5.64319	-50.3327
20.8597	-5.64059	-50.3145
20.8709	-5.63799	-50.2965
20.8822	-5.63431	-50.2809
20.8934	-5.63171	-50.2636
20.9047	-5.62803	-50.2485
20.916	-5.62435	-50.2338
20.9272	-5.62281	-50.2156
20.9385	-5.61912	-50.2015
20.9497	-5.61648	-50.1858
20.961	-5.61277	-50.1724
20.9722	-5.60905	-50.1594
20.9835	-5.60741	-50.1428
20.9947	-5.60365	-50.1305
21.006	-5.59987	-50.1184
21.0173	-5.5971	-50.1049
21.0285	-5.59328	-50.0936
21.0398	-5.59045	-50.0808
21.051	-5.58758	-50.0684
21.0623	-5.58366	-50.0581
21.0735	-5.58072	-50.0464
21.0848	-5.57674	-50.037
21.096	-5.57372	-50.026
21.1073	-5.57066	-50.0155
21.1186	-5.56657	-50.0071
21.1298	-5.56342	-49.9973
21.1411	-5.55924	-49.9897
21.1523	-5.55502	-49.9825
21.1636	-5.5527	-49.9721
21.1748	-5.54839	-49.9657
21.1861	-5.545	-49.9578
21.1973	-5.54059	-49.9521
21.2086	-5.53614	-49.9467
21.2199	-5.53354	-49.9382
21.2311	-5.52899	-49.9336
21.2424	-5.5244	-49.9292
21.2536	-5.52069	-49.9236
21.2649	-5.516	-49.9199
21.2761	-5.51218	-49.9149
21.2874	-5.50831	-49.9102
21.2986	-5.50346	-49.9075
21.3099	-5.49948	-49.9035
21.3212	-5.49453	-49.9013
21.3324	-5.49044	-49.8978
21.3437	-5.4863	-49.8946
21.3549	-5.4812	-49.8931
21.3662	-5.47695	-49.8904
21.3774	-5.47175	-49.8893
21.3887	-5.46651	-49.8885
21.4	-5.46299	-49.8848
21.4112	-5.45765	-49.8843
21.4225	-5.45314	-49.8824
21.4337	-5.4477	-49.8821
21.445	-5.44223	-49.8819
21.4562	-5.43844	-49.8789
21.4675	-5.43286	-49.8788
21.4787	-5.42725	-49.8788
21.49	-5.42246	-49.8773
21.5012	-5.41676	-49.8773
21.5125	-5.41272	-49.8745
21.5238	-5.40694	-49.8744
21.535	-5.40112	-49.8742
21.5463	-5.3961	-49.8726
21.5575	-5.3902	-49.8722
21.5688	-5.38508	-49.8704
21.58	-5.37993	-49.8684
21.5913	-5.37391	-49.8676
21.6026	-5.36867	-49.8653
21.6138	-5.36257	-49.8641
21.6251	-5.35644	-49.8626
21.6363	-5.35189	-49.8585
21.6476	-5.34568	-49.8565
21.6588	-5.34024	-49.8532
21.6701	-5.33396	-49.8506
21.6813	-5.32765	-49.8477
21.6926	-5.32287	-49.8424
21.7039	-5.31649	-49.8388
21.7151	-5.31008	-49.8349
21.7264	-5.3044	-49.8296
21.7376	-5.29793	-49.8249
21.7489	-5.29295	-49.8178
21.7601	-5.28641	-49.8124
21.7714	-5.27985	-49.8065
21.7826	-5.27401	-49.7993
21.7939	-5.26739	-49.7926
21.8052	-5.26149	-49.7845
21.8164	-5.25556	-49.776
21.8277	-5.24887	-49.7679
21.8389	-5.24289	-49.7586
21.8502	-5.23617	-49.7496
21.8614	-5.22943	-49.7402
21.8727	-5.22411	-49.7287
21.8839	-5.21734	-49.7185
21.8952	-5.21127	-49.707
21.9065	-5.20448	-49.6958
21.9177	-5.19768	-49.6842
21.929	-5.19226	-49.6707
21.9402	-5.18546	-49.6581
21.9515	-5.17866	-49.6451
21.9627	-5.17254	-49.631
21.974	-5.16576	-49.6172
21.9852	-5.16032	-49.6017
21.9965	-5.15355	-49.5871
22.0078	-5.14679	-49.5721
22.019	-5.14071	-49.5561
22.0303	-5.13399	-49.5402
22.0415	-5.12794	-49.5234
22.0528	-5.1219	-49.5063
22.064	-5.11526	-49.4892
22.0753	-5.10929	-49.4712
22.0865	-5.10274	-49.4534
22.0978	-5.09623	-49.4352
22.1091	-5.091	-49.4158
22.1203	-5.08458	-49.3969
22.1316	-5.07882	-49.3773
22.1428	-5.07252	-49.3578
22.1541	-5.06627	-49.3379
22.1653	-5.06126	-49.3169
22.1766	-5.05515	-49.2963
22.1878	-5.04911	-49.2753
22.1991	-5.04374	-49.2536
22.2104	-5.03787	-49.232
22.2216	-5.03322	-49.2095
22.2329	-5.02753	-49.1873
22.2441	-5.02193	-49.1647
22.2554	-5.01699	-49.1416
22.2666	-5.01158	-49.1185
22.2779	-5.00681	-49.0948
22.2891	-5.00214	-49.0709
22.3004	-4.99705	-49.0467
22.3117	-4.99259	-49.0221
22.3229	-4.98773	-48.9974
22.3342	-4.98299	-48.9723
22.3454	-4.97939	-48.9467
22.3567	-4.97488	-48.9211
22.3679	-4.971	-48.8951
22.3792	-4.96674	-48.8689
22.3904	-4.96261	-48.8424
22.4017	-4.95955	-48.8155
22.413	-4.95565	-48.7884
22.4242	-4.95189	-48.761
22.4355	-4.94872	-48.7332
22.4467	-4.94523	-48.7051
22.458	-4.94277	-48.6767
22.4692	-4.93953	-48.6481
22.4805	-4.93642	-48.6192
22.4917	-4.93388	-48.59
22.503	-4.93103	-48.5607
22.5143	-4.92873	-48.531
22.5255	-4.92654	-48.5011
22.5368	-4.92406	-48.4709
22.548	-4.92211	-48.4404
22.5593	-4.91988	-48.4097
22.5705	-4.91778	-48.3787
22.5818	-4.91659	-48.3477
22.593	-4.91473	-48.3164
22.6043	-4.91337	-48.285
22.6156	-4.91174	-48.2534
22.6268	-4.91022	-48.2217
22.6381	-4.90953	-48.19
22.6493	-4.90821	-48.1581
22.6606	-4.907	-48.126
22.6718	-4.90625	-48.0939
22.6831	-4.90526	-48.0618
22.6943	-4.90504	-48.0298
22.7056	-4.90424	-47.9978
22.7169	-4.90353	-47.9658
22.7281	-4.90324	-47.934
22.7394	-4.9027	-47.9023
22.7506	-4.90256	-47.8709
22.7619	-4.90248	-47.8395
22.7731	-4.90217	-47.8083
22.7844	-4.90225	-47.7774
22.7956	-4.90211	-47.7466
22.8069	-4.90205	-47.7162
22.8182	-4.90262	-47.6863
22.8294	-4.9027	-47.6566
22.8407	-4.90311	-47.6274
22.8519	-4.90333	-47.5987
22.8632	-4.90361	-47.5705
22.8744	-4.90444	-47.5428
22.8857	-4.90483	-47.5155
22.8969	-4.90529	-47.4888
22.9082	-4.90606	-47.4627
22.9195	-4.90666	-47.4373
22.9307	-4.90779	-47.4125
22.942	-4.90851	-47.3885
22.9532	-4.90931	-47.3652
22.9645	-4.91037	-47.3428
22.9757	-4.91129	-47.3212
22.987	-4.91246	-47.3004
22.9982	-4.91368	-47.2804
23.0095	-4.91477	-47.2613
23.0208	-4.91612	-47.243
23.032	-4.91735	-47.2256
23.0433	-4.91866	-47.2093
23.0545	-4.92038	-47.1938
23.0658	-4.92182	-47.1794
23.077	-4.92349	-47.1659
23.0883	-4.92506	-47.1536
23.0995	-4.92669	-47.1423
23.1108	-4.92869	-47.1319
23.1221	-4.93044	-47.1226
23.1333	-4.93226	-47.1143
23.1446	-4.9343	-47.1068
23.1558	-4.93627	-47.1005
23.1671	-4.93859	-47.0949
23.1783	-4.94071	-47.0905
23.1896	-4.9429	-47.0873
23.2008	-4.94529	-47.0849
23.2121	-4.94761	-47.0836
23.2234	-4.95012	-47.0832
23.2346	-4.95267	-47.0837
23.2459	-4.95517	-47.0852
23.2571	-4.95785	-47.0874
23.2684	-4.96049	-47.0906
23.2796	-4.9632	-47.0947
23.2909	-4.96619	-47.0991
23.3022	-4.96902	-47.1049
23.3134	-4.972	-47.1112
23.3247	-4.97494	-47.1186
23.3359	-4.97791	-47.1268
23.3472	-4.98111	-47.1352
23.3584	-4.98415	-47.1447
23.3697	-4.98723	-47.1548
23.3809	-4.99044	-47.1652
23.3922	-4.99359	-47.1765
23.4035	-4.99692	-47.1878
23.4147	-5.00011	-47.2003
23.426	-5.00332	-47.2133
23.4372	-5.0066	-47.2265
23.4485	-5.00979	-47.2407
23.4597	-5.01304	-47.2549
23.471	-5.01625	-47.2695
23.4822	-5.01937	-47.2848
23.4935	-5.02252	-47.3001
23.5048	-5.02558	-47.3161
23.516	-5.0286	-47.3325
23.5273	-5.03167	-47.3483
23.5385	-5.03457	-47.3654
23.5498	-5.03744	-47.3823
23.561	-5.04018	-47.4001
23.5723	-5.04282	-47.4181
23.5835	-5.04545	-47.4354
23.5948	-5.04788	-47.4539
23.6061	-5.05021	-47.4725
23.6173	-5.05246	-47.4909
23.6286	-5.05456	-47.5101
23.6398	-5.0566	-47.5284
23.6511	-5.05844	-47.5481
23.6623	-5.06012	-47.5682
23.6736	-5.06169	-47.588
23.6848	-5.06306	-47.6088
23.6961	-5.06428	-47.6293
23.7074	-5.06532	-47.6501
23.7186	-5.06616	-47.6718
23.7299	-5.06686	-47.6932
23.7411	-5.06736	-47.7156
23.7524	-5.06768	-47.7384
23.7636	-5.06784	-47.7606
