1.62381	-0.385106	13.9333
1.63507	-0.395298	14.0899
1.64632	-0.405257	14.2481
1.65758	-0.414986	14.4077
1.66883	-0.42448	14.5687
1.68009	-0.433736	14.7308
1.69135	-0.442758	14.8938
1.7026	-0.451514	15.0578
1.71386	-0.460058	15.2224
1.72511	-0.468371	15.3875
1.73637	-0.476463	15.5532
1.74762	-0.484341	15.7191
1.75888	-0.492014	15.8852
1.77014	-0.499491	16.0513
1.78139	-0.506778	16.2173
1.79265	-0.513884	16.3831
1.8039	-0.520824	16.5486
1.81516	-0.527568	16.7137
1.82641	-0.534195	16.8782
1.83767	-0.540689	17.0421
1.84892	-0.547059	17.2054
1.86018	-0.553286	17.368
1.87144	-0.559458	17.5296
1.88269	-0.565557	17.6904
1.89395	-0.571594	17.8503
1.9052	-0.577581	18.0091
1.91646	-0.583531	18.1668
1.92771	-0.589462	18.3235
1.93897	-0.59534	18.4791
1.95023	-0.601263	18.6335
1.96148	-0.607201	18.7868
1.97274	-0.61317	18.9389
1.98399	-0.619185	19.0899
1.99525	-0.625259	19.2398
2.0065	-0.631356	19.3885
2.01776	-0.637631	19.5361
2.02901	-0.643901	19.6826
2.04027	-0.65032	19.8279
2.05153	-0.656854	19.9722
2.06278	-0.663508	20.1155
2.07404	-0.670231	20.2578
2.08529	-0.677192	20.399
2.09655	-0.684186	20.5395
2.1078	-0.691438	20.6789
2.11906	-0.698737	20.8177
2.13032	-0.70631	20.9556
2.14157	-0.713931	21.0929
2.15283	-0.721777	21.2294
2.16408	-0.729731	21.3653
2.17534	-0.737977	21.5005
2.18659	-0.746269	21.6352
2.19785	-0.754851	21.7694
2.2091	-0.763474	21.9032
2.22036	-0.772267	22.0367
2.23162	-0.781356	22.1698
2.24287	-0.790488	22.3026
2.25413	-0.799915	22.4351
2.26538	-0.809377	22.5675
2.27664	-0.819059	22.6997
2.28789	-0.82883	22.8318
2.29915	-0.838885	22.9636
2.31041	-0.848943	23.0955
2.32166	-0.859277	23.2272
2.33292	-0.869598	23.359
2.34417	-0.880189	23.4908
2.35543	-0.890687	23.6227
2.36668	-0.90152	23.7546
2.37794	-0.912317	23.8867
2.38919	-0.923366	24.0187
2.40045	-0.934363	24.1509
2.41171	-0.945599	24.2831
2.42296	-0.956764	24.4155
2.43422	-0.968158	24.5478
2.44547	-0.979463	24.6804
2.45673	-0.990986	24.813
2.46798	-1.00241	24.9459
2.47924	-1.01388	25.0788
2.4905	-1.02556	25.2117
2.50175	-1.03712	25.3447
2.51301	-1.04888	25.4777
2.52426	-1.06051	25.6109
2.53552	-1.07233	25.744
2.54677	-1.08399	25.8771
2.55803	-1.09568	26.0103
2.56928	-1.10737	26.1434
2.58054	-1.11925	26.2764
2.5918	-1.13096	26.4093
2.60305	-1.14285	26.5421
2.61431	-1.15457	26.6749
2.62556	-1.16647	26.8073
2.63682	-1.17819	26.9398
2.64807	-1.19009	27.0719
2.65933	-1.20181	27.2039
2.67059	-1.21371	27.3355
2.68184	-1.22542	27.467
2.6931	-1.23731	27.598
2.70435	-1.24902	27.7289
2.71561	-1.26072	27.8595
2.72686	-1.27262	27.9896
2.73812	-1.28432	28.1194
2.74937	-1.29623	28.2487
2.76063	-1.30794	28.3778
2.77189	-1.31986	28.5064
2.78314	-1.33158	28.6347
2.7944	-1.34332	28.7626
2.80565	-1.35506	28.89
2.81691	-1.36703	29.0169
2.82816	-1.37881	29.1435
2.83942	-1.39083	29.2696
2.85068	-1.40266	29.3954
2.86193	-1.41473	29.5206
2.87319	-1.42661	29.6455
2.88444	-1.43874	29.77
2.8957	-1.45068	29.8941
2.90695	-1.46289	30.0178
2.91821	-1.47492	30.1413
2.92946	-1.48721	30.2642
2.94072	-1.49932	30.387
2.95198	-1.51148	30.5094
2.96323	-1.52392	30.6314
2.97449	-1.53619	30.7532
2.98574	-1.54873	30.8747
2.997	-1.5611	30.996
3.00825	-1.57353	31.1171
3.01951	-1.58625	31.2379
3.03077	-1.59879	31.3587
3.04202	-1.6114	31.4792
3.05328	-1.6243	31.5996
3.06453	-1.63702	31.7199
3.07579	-1.65006	31.84
3.08704	-1.66291	31.9601
3.0983	-1.67607	32.0801
3.10955	-1.68905	32.2002
3.12081	-1.70233	32.3201
3.13207	-1.71543	32.4402
3.14332	-1.72884	32.5601
3.15458	-1.74205	32.6803
3.16583	-1.75558	32.8004
3.17709	-1.76891	32.9207
3.18834	-1.78229	33.0411
3.1996	-1.79599	33.1615
3.21086	-1.80948	33.2821
3.22211	-1.82329	33.4027
3.23337	-1.83689	33.5237
3.24462	-1.85053	33.6447
3.25588	-1.86422	33.766
3.26713	-1.87822	33.8873
3.27839	-1.892	34.0089
3.28964	-1.9061	34.1305
3.3009	-1.91996	34.2525
3.31216	-1.93414	34.3746
3.32341	-1.94808	34.497
3.33467	-1.96234	34.6194
3.34592	-1.97636	34.7422
3.35718	-1.9907	34.865
3.36843	-2.00479	34.9881
3.37969	-2.0192	35.1113
3.39095	-2.03336	35.2347
3.4022	-2.04784	35.3582
3.41346	-2.06207	35.482
3.42471	-2.07632	35.6059
3.43597	-2.0909	35.7299
3.44722	-2.10522	35.8541
3.45848	-2.11987	35.9782
3.46973	-2.13425	36.1027
3.48099	-2.14867	36.2272
3.49225	-2.16312	36.3517
3.5035	-2.1779	36.4762
3.51476	-2.19242	36.6009
3.52601	-2.20728	36.7255
3.53727	-2.22187	36.8503
3.54852	-2.23681	36.9749
3.55978	-2.25147	37.0997
3.57104	-2.26649	37.2244
3.58229	-2.28124	37.3492
3.59355	-2.29635	37.4738
3.6048	-2.31119	37.5986
3.61606	-2.3264	37.7231
3.62731	-2.34134	37.8478
3.63857	-2.35666	37.9723
3.64982	-2.3717	38.0968
3.66108	-2.38713	38.2211
3.67234	-2.40229	38.3455
3.68359	-2.4175	38.4698
3.69485	-2.43312	38.5939
3.7061	-2.44847	38.718
3.71736	-2.46389	38.8421
3.72861	-2.47938	38.966
3.73987	-2.49528	39.0897
3.75113	-2.51092	39.2134
3.76238	-2.52698	39.3369
3.77364	-2.54278	39.4604
3.78489	-2.559	39.5836
3.79615	-2.57496	39.7069
3.8074	-2.59136	39.8299
3.81866	-2.60749	39.953
3.82991	-2.62408	40.0758
3.84117	-2.64039	40.1987
3.85243	-2.65716	40.3212
3.86368	-2.67366	40.4439
3.87494	-2.69062	40.5663
3.88619	-2.7073	40.6887
3.89745	-2.72446	40.8109
3.9087	-2.74133	40.9331
3.91996	-2.75831	41.0553
3.93122	-2.77538	41.1774
3.94247	-2.79255	41.2994
3.95373	-2.8102	41.4212
3.96498	-2.82757	41.543
3.97624	-2.84543	41.6647
3.98749	-2.86299	41.7863
3.99875	-2.88105	41.9078
4.01	-2.89881	42.0293
4.02126	-2.91666	42.1508
4.03252	-2.93541	42.2719
4.04377	-2.95346	42.3933
4.05503	-2.97161	42.5146
4.06628	-2.98986	42.6359
4.07754	-3.00902	42.7567
4.08879	-3.02746	42.8778
4.10005	-3.04599	42.9988
4.11131	-3.06462	43.1197
4.12256	-3.08375	43.2403
4.13382	-3.10296	43.3608
4.14507	-3.12186	43.4814
4.15633	-3.14084	43.6019
4.16758	-3.1599	43.7224
4.17884	-3.17948	43.8425
4.19009	-3.19872	43.9627
4.20135	-3.21805	44.0826
4.21261	-3.23746	44.2025
4.22386	-3.25782	44.3218
4.23512	-3.27739	44.4412
4.24637	-3.29704	44.5605
4.25763	-3.31677	44.6796
4.26888	-3.33745	44.7982
4.28014	-3.35733	44.9168
4.2914	-3.37728	45.0353
4.30265	-3.39731	45.1535
4.31391	-3.41832	45.2712
4.32516	-3.4385	45.3889
4.33642	-3.45876	45.5063
4.34767	-3.47908	45.6234
4.35893	-3.49994	45.74
4.37018	-3.52041	45.8565
4.38144	-3.54141	45.9724
4.3927	-3.56201	46.0882
4.40395	-3.58268	46.2037
4.41521	-3.6039	46.3187
4.42646	-3.62472	46.4335
4.43772	-3.64561	46.5479
4.44897	-3.66657	46.6619
4.46023	-3.68857	46.7751
4.47149	-3.70967	46.8883
4.48274	-3.73085	47.001
4.494	-3.75209	47.1133
4.50525	-3.77439	47.2248
4.51651	-3.79577	47.3362
4.52776	-3.81723	47.4472
4.53902	-3.83876	47.5578
4.55027	-3.86136	47.6675
4.56153	-3.88305	47.7771
4.57279	-3.90481	47.8863
4.58404	-3.92664	47.9949
4.5953	-3.94904	48.1029
4.60655	-3.97102	48.2106
4.61781	-3.99306	48.3178
4.62906	-4.01518	48.4244
4.64032	-4.03789	48.5305
4.65158	-4.06067	48.6361
4.66283	-4.08302	48.7414
4.67409	-4.10544	48.8463
4.68534	-4.12793	48.9506
4.6966	-4.15156	49.0541
4.70785	-4.1742	49.1574
4.71911	-4.19745	49.2602
4.73037	-4.2197	49.3628
4.74162	-4.24309	49.4646
4.75288	-4.26656	49.5659
4.76413	-4.28901	49.6672
4.77539	-4.31263	49.7677
4.78664	-4.33633	49.8678
4.7979	-4.36011	49.9674
4.80915	-4.38285	50.067
4.82041	-4.40677	50.1657
4.83167	-4.43076	50.2641
4.84292	-4.45482	50.362
4.85418	-4.47782	50.46
4.86543	-4.50202	50.5571
4.87669	-4.52515	50.6543
4.88794	-4.55062	50.7504
4.8992	-4.57388	50.8469
4.91046	-4.59836	50.9425
4.92171	-4.62174	51.0383
4.93297	-4.64635	51.1332
4.94422	-4.67101	51.2278
4.95548	-4.69574	51.322
4.96673	-4.71935	51.4163
4.97799	-4.74419	51.5099
4.98924	-4.76908	51.6032
5.0005	-4.79285	51.6966
5.01176	-4.81786	51.7892
5.02301	-4.84293	51.8815
5.03427	-4.86806	51.9736
5.04552	-4.89203	52.0657
5.05678	-4.91726	52.1571
5.06803	-4.94254	52.2482
5.07929	-4.96787	52.3391
5.09055	-4.99201	52.43
5.1018	-5.01743	52.5203
5.11306	-5.04165	52.6108
5.12431	-5.06841	52.7001
5.13557	-5.09272	52.7901
5.14682	-5.11833	52.8793
5.15808	-5.14272	52.9688
5.16933	-5.16841	53.0575
5.18059	-5.19416	53.146
5.19185	-5.21994	53.2341
5.2031	-5.24448	53.3226
5.21436	-5.27034	53.4103
5.22561	-5.29624	53.4978
5.23687	-5.32089	53.5855
5.24812	-5.34687	53.6726
5.25938	-5.3729	53.7594
5.27064	-5.39898	53.846
5.28189	-5.42378	53.9329
5.29315	-5.44994	54.019
5.3044	-5.47614	54.1049
5.31566	-5.50239	54.1905
5.32691	-5.52733	54.2765
5.33817	-5.55365	54.3617
5.34942	-5.57865	54.4473
5.36068	-5.60642	54.5316
5.37194	-5.63151	54.6168
5.38319	-5.65801	54.7013
5.39445	-5.68317	54.7862
5.4057	-5.70976	54.8702
5.41696	-5.7364	54.9541
5.42821	-5.76168	55.0384
5.43947	-5.7884	55.1219
5.45073	-5.81517	55.2052
5.46198	-5.84198	55.2884
5.47324	-5.86742	55.372
5.48449	-5.89433	55.4549
5.49575	-5.9213	55.5377
5.507	-5.94832	55.6202
5.51826	-5.97394	55.7033
5.52951	-6.00106	55.7856
5.54077	-6.02824	55.8677
5.55203	-6.05547	55.9498
5.56328	-6.08128	56.0323
5.57454	-6.10861	56.1141
5.58579	-6.13452	56.1964
5.59705	-6.16346	56.2773
5.6083	-6.18948	56.3594
5.61956	-6.21705	56.4408
5.63082	-6.24318	56.5227
5.64207	-6.27088	56.6038
5.65333	-6.29864	56.6848
5.66458	-6.32494	56.7664
5.67584	-6.35282	56.8472
5.68709	-6.38076	56.9278
5.69835	-6.40877	57.0085
5.7096	-6.4353	57.0897
5.72086	-6.46345	57.1701
5.73212	-6.49167	57.2505
5.74337	-6.51997	57.3307
5.75463	-6.54676	57.4115
5.76588	-6.57519	57.4915
5.77714	-6.6037	57.5714
5.78839	-6.63228	57.6512
5.79965	-6.65933	57.7316
5.81091	-6.68806	57.8112
5.82216	-6.71686	57.8907
5.83342	-6.74575	57.9701
5.84467	-6.77309	58.0501
5.85593	-6.80214	58.1293
5.86718	-6.82963	58.2091
5.87844	-6.85884	58.288
5.88969	-6.88815	58.3668
5.90095	-6.91587	58.4462
5.91221	-6.94534	58.5247
5.92346	-6.9749	58.603
5.93472	-7.00455	58.6811
5.94597	-7.03261	58.76
5.95723	-7.06245	58.8379
5.96848	-7.09239	58.9156
5.97974	-7.12244	58.9931
5.991	-7.15086	59.0713
6.00225	-7.18111	59.1484
6.01351	-7.21146	59.2253
6.02476	-7.24192	59.302
6.03602	-7.27074	59.3792
6.04727	-7.3014	59.4555
6.05853	-7.33218	59.5315
6.06978	-7.36308	59.6072
6.08104	-7.39232	59.6836
6.0923	-7.42345	59.7589
6.10355	-7.45291	59.8347
6.11481	-7.48428	59.9094
6.12606	-7.51578	59.9838
6.13732	-7.54558	60.0588
6.14857	-7.57733	60.1326
6.15983	-7.6092	60.2061
6.17109	-7.64121	60.2792
6.18234	-7.6715	60.353
6.1936	-7.70378	60.4256
6.20485	-7.73619	60.4978
6.21611	-7.76875	60.5696
6.22736	-7.79958	60.6421
6.23862	-7.83242	60.7132
6.24987	-7.86542	60.784
6.26113	-7.89856	60.8544
6.27239	-7.92994	60.9253
6.28364	-7.96338	60.995
6.2949	-7.99697	61.0642
6.30615	-8.03073	61.1331
6.31741	-8.06269	61.2025
6.32866	-8.09677	61.2706
6.33992	-8.12903	61.3393
6.35118	-8.16343	61.4066
6.36243	-8.198	61.4733
6.37369	-8.23073	61.5407
6.38494	-8.26562	61.6066
6.3962	-8.30069	61.6721
6.40745	-8.33592	61.7371
6.41871	-8.3693	61.8027
6.42997	-8.40488	61.8668
6.44122	-8.44064	61.9304
6.45248	-8.47658	61.9936
6.46373	-8.51062	62.0574
6.47499	-8.54691	62.1195
6.48624	-8.58338	62.1811
6.4975	-8.62002	62.2422
6.50875	-8.65474	62.304
6.52001	-8.69173	62.364
6.53127	-8.72891	62.4236
6.54252	-8.76414	62.4838
6.55378	-8.80168	62.5424
6.56503	-8.83941	62.6003
6.57629	-8.87515	62.6589
6.58754	-8.91324	62.7157
6.5988	-8.95152	62.772
6.61005	-8.98777	62.8289
6.62131	-9.02641	62.8839
6.63257	-9.06522	62.9382
6.64382	-9.10422	62.9921
6.65508	-9.14116	63.0466
6.66633	-9.18053	63.0992
6.67759	-9.22009	63.1511
6.68884	-9.25984	63.2024
6.7001	-9.29749	63.2544
6.71136	-9.3376	63.3042
6.72261	-9.3779	63.3533
6.73387	-9.41839	63.4017
6.74512	-9.45673	63.4509
6.75638	-9.49757	63.4978
6.76763	-9.5386	63.544
6.77889	-9.57745	63.591
6.79014	-9.61885	63.6357
6.8014	-9.65805	63.6811
6.81266	-9.69982	63.7242
6.82391	-9.74178	63.7663
6.83517	-9.78393	63.8076
6.84642	-9.82382	63.8497
6.85768	-9.86633	63.8893
6.86893	-9.90903	63.9279
6.88019	-9.9519	63.9656
6.89145	-9.99248	64.0042
6.9027	-10.0357	64.0401
6.91396	-10.0792	64.075
6.92521	-10.1228	64.1089
6.93647	-10.1641	64.1438
6.94772	-10.2081	64.1757
6.95898	-10.2523	64.2066
6.97023	-10.2967	64.2364
6.98149	-10.3387	64.2672
6.99275	-10.3834	64.2949
7.004	-10.4284	64.3215
7.01526	-10.4709	64.3493
7.02651	-10.5162	64.3738
7.03777	-10.5591	64.3993
7.04902	-10.6048	64.4216
7.06028	-10.6508	64.4426
7.07154	-10.6969	64.4625
7.08279	-10.7405	64.4835
7.09405	-10.787	64.501
7.1053	-10.8337	64.5174
7.11656	-10.8807	64.5325
7.12781	-10.925	64.5489
7.13907	-10.9724	64.5616
7.15032	-11.0199	64.5731
7.16158	-11.0677	64.5833
7.17284	-11.1129	64.5948
7.18409	-11.1611	64.6025
7.19535	-11.2095	64.6088
7.2066	-11.2581	64.6138
7.21786	-11.304	64.6204
7.22911	-11.3531	64.6229
7.24037	-11.4024	64.6241
7.25163	-11.4489	64.6269
7.26288	-11.4986	64.6255
7.27414	-11.5456	64.6258
7.28539	-11.5958	64.6218
7.29665	-11.6462	64.6164
7.3079	-11.6968	64.6097
7.31916	-11.7447	64.6047
7.33042	-11.7957	64.5954
7.34167	-11.8471	64.5847
7.35293	-11.8986	64.5727
7.36418	-11.9473	64.5628
7.37544	-11.9994	64.5482
7.38669	-12.0517	64.5323
7.39795	-12.1043	64.5149
7.4092	-12.1539	64.4998
7.42046	-12.207	64.4797
7.43172	-12.2603	64.4584
7.44297	-12.3138	64.4356
7.45423	-12.3644	64.4154
7.46548	-12.4184	64.3901
7.47674	-12.4728	64.3635
7.48799	-12.5241	64.3395
7.49925	-12.5789	64.3103
7.51051	-12.6307	64.2838
7.52176	-12.6861	64.2518
7.53302	-12.7418	64.2184
7.54427	-12.7977	64.1836
7.55553	-12.8505	64.1519
7.56678	-12.907	64.1146
7.57804	-12.9638	64.0758
7.58929	-13.0208	64.0357
7.60055	-13.0746	63.9992
7.61181	-13.1322	63.9564
7.62306	-13.1902	63.9123
7.63432	-13.2484	63.8668
7.64557	-13.3033	63.825
7.65683	-13.3621	63.7767
7.66808	-13.4212	63.7271
7.67934	-13.4806	63.676
7.6906	-13.5366	63.6291
7.70185	-13.5965	63.5754
7.71311	-13.6569	63.5202
7.72436	-13.7137	63.4695
7.73562	-13.7747	63.4116
7.74687	-13.8321	63.3582
7.75813	-13.8937	63.2974
7.76938	-13.9556	63.2351
7.78064	-14.0178	63.1714
7.7919	-14.0765	63.1125
7.80315	-14.1393	63.0458
7.81441	-14.2026	62.9776
7.82566	-14.2661	62.9077
7.83692	-14.3261	62.8433
7.84817	-14.3903	62.7705
7.85943	-14.455	62.6959
7.87069	-14.52	62.6197
7.88194	-14.5813	62.5493
7.8932	-14.647	62.4697
7.90445	-14.7131	62.3885
7.91571	-14.7754	62.3131
7.92696	-14.8423	62.2284
7.93822	-14.9095	62.1418
7.94947	-14.9772	62.0534
7.96073	-15.041	61.9714
7.97199	-15.1094	61.8792
7.98324	-15.1739	61.7936
7.9945	-15.2432	61.6974
8.00575	-15.3129	61.5991
8.01701	-15.3786	61.5078
8.02826	-15.4492	61.4053
8.03952	-15.5247	61.2912
8.05078	-15.5871	61.2033
8.06203	-15.6636	61.0844
8.07329	-15.736	60.9727
8.08454	-15.8043	60.8685
8.0958	-15.8776	60.7519
8.10705	-15.9468	60.6432
8.11831	-16.0211	60.5214
8.12956	-16.0959	60.3969
8.14082	-16.1664	60.2806
8.15208	-16.2423	60.1505
8.16333	-16.3236	60.0059
8.17459	-16.3907	59.8931
8.18584	-16.4731	59.742
8.1971	-16.5462	59.6116
8.20835	-16.6248	59.4658
8.21961	-16.704	59.3166
8.23087	-16.7786	59.1766
8.24212	-16.859	59.0203
8.25338	-16.9347	58.8736
8.26463	-17.0163	58.71
8.27589	-17.1037	58.5281
8.28714	-17.1759	58.3844
8.2984	-17.2647	58.1939
8.30965	-17.3488	58.0132
8.32091	-17.4282	57.843
8.33217	-17.5136	57.6533
8.34342	-17.5942	57.4745
8.35468	-17.681	57.2752
8.36593	-17.7685	57.0707
8.37719	-17.851	56.8776
8.38844	-17.9399	56.6624
8.3997	-18.0352	56.424
8.41096	-18.1141	56.2327
8.42221	-18.211	55.982
8.43347	-18.2912	55.7803
8.44472	-18.3896	55.5164
8.45598	-18.483	55.2645
8.46723	-18.5711	55.0255
8.47849	-18.6661	54.7598
8.48975	-18.7557	54.5075
8.501	-18.8522	54.2271
8.51226	-18.9556	53.9168
8.52351	-19.0413	53.6644
8.53477	-19.1464	53.337
8.54602	-19.2462	53.0232
8.55728	-19.3404	52.7242
8.56853	-19.4417	52.3923
8.57979	-19.5375	52.076
8.59105	-19.6404	51.7248
8.6023	-19.7442	51.3632
8.61356	-19.8422	51.0177
8.62481	-19.9476	50.6348
8.63607	-20.0604	50.2119
8.64732	-20.154	49.8629
8.65858	-20.2684	49.4149
8.66984	-20.3633	49.0444
8.68109	-20.4793	48.5698
8.69235	-20.5892	48.112
8.7036	-20.693	47.673
8.71486	-20.8043	47.1872
8.72611	-20.9093	46.7209
8.73737	-21.0218	46.2052
8.74862	-21.1419	45.6367
8.75988	-21.2415	45.1623
8.77114	-21.3627	44.5591
8.78239	-21.4773	43.9757
8.79365	-21.5852	43.4146
8.8049	-21.7005	42.795
8.81616	-21.8089	42.1987
8.82741	-21.9247	41.5407
8.83867	-22.0406	40.862
8.84993	-22.1494	40.2084
8.86118	-22.2652	39.4878
8.87244	-22.388	38.6958
8.88369	-22.4892	38.0292
8.89495	-22.6113	37.1895
8.9062	-22.7117	36.4821
8.91746	-22.8326	35.5924
8.92871	-22.9457	34.7305
8.93997	-23.0509	33.9003
8.95123	-23.162	32.9881
8.96248	-23.265	32.1097
8.97374	-23.3733	31.1457
8.98499	-23.4866	30.0913
8.99625	-23.5783	29.2015
9.0075	-23.6874	28.0909
9.01876	-23.7878	27.0178
9.03001	-23.8795	25.987
9.04127	-23.9747	24.8607
9.05253	-24.0611	23.78
9.06378	-24.1501	22.6012
9.07504	-24.2356	21.396
9.08629	-24.3121	20.2425
9.09755	-24.3899	18.9882
9.1088	-24.4681	17.6299
9.12006	-24.528	16.4902
9.13132	-24.5966	15.0859
9.14257	-24.6481	13.91
9.15383	-24.7061	12.4649
9.16508	-24.7549	11.0861
9.17634	-24.795	9.77827
9.18759	-24.8326	8.37064
9.19885	-24.8618	7.03935
9.2101	-24.8876	5.61062
9.22136	-24.9088	4.085
9.23262	-24.9192	2.82219
9.24387	-24.9273	1.28768
9.25513	-24.9278	-0.15809
9.26638	-24.9218	-1.51249
9.27764	-24.91	-2.95321
9.28889	-24.8924	-4.29858
9.30015	-24.8684	-5.72567
9.31141	-24.8383	-7.14241
9.32266	-24.8038	-8.45892
9.33392	-24.7622	-9.84966
9.34517	-24.7128	-11.3104
9.35643	-24.665	-12.4955
9.36768	-24.6047	-13.918
9.37894	-24.5481	-15.0678
9.39019	-24.4778	-16.4462
9.40145	-24.406	-17.7181
9.41271	-24.3378	-18.8067
9.42396	-24.2501	-20.1879
9.43522	-24.175	-21.2306
9.44647	-24.0883	-22.4031
9.45773	-23.9983	-23.5485
9.46898	-23.9054	-24.6666
9.48024	-23.8097	-25.7571
9.4915	-23.7115	-26.8199
9.50275	-23.6218	-27.7193
9.51401	-23.5197	-28.7299
9.52526	-23.4157	-29.713
9.53652	-23.3101	-30.669
9.54777	-23.2031	-31.598
9.55903	-23.0949	-32.5004
9.57028	-22.9856	-33.3767
9.58154	-22.8755	-34.2273
9.5928	-22.7768	-34.94
9.60405	-22.6655	-35.7435
9.61531	-22.5537	-36.5229
9.62656	-22.4416	-37.2787
9.63782	-22.3294	-38.0114
9.64907	-22.2295	-38.6218
9.66033	-22.1047	-39.4102
9.67159	-22.0051	-39.9824
9.68284	-21.8931	-40.6313
9.6941	-21.7815	-41.2603
9.70535	-21.6702	-41.8696
9.71661	-21.5593	-42.4602
9.72786	-21.4489	-43.0325
9.73912	-21.3516	-43.5047
9.75037	-21.2423	-44.044
9.76163	-21.1337	-44.5668
9.77289	-21.0258	-45.0733
9.78414	-20.9186	-45.5643
9.7954	-20.8245	-45.967
9.80665	-20.7066	-46.5016
9.81791	-20.6018	-46.949
9.82916	-20.5099	-47.3145
9.84042	-20.4068	-47.7368
9.85168	-20.3045	-48.1462
9.86293	-20.2031	-48.5434
9.87419	-20.1026	-48.9288
9.88544	-20.0149	-49.2415
9.8967	-19.9045	-49.6656
9.90795	-19.8185	-49.9595
9.91921	-19.7217	-50.3028
9.93046	-19.6258	-50.6361
9.94172	-19.5309	-50.9598
9.95298	-19.4369	-51.2743
9.96423	-19.3439	-51.5799
9.97549	-19.2631	-51.8251
9.98674	-19.1719	-52.1148
9.998	-19.0816	-52.3964
10.0093	-18.9923	-52.6704
10.0205	-18.904	-52.9369
10.0318	-18.8274	-53.1492
10.043	-18.73	-53.4484
10.0543	-18.6444	-53.694
10.0655	-18.5702	-53.8887
10.0768	-18.4863	-54.1224
10.088	-18.4033	-54.35
10.0993	-18.3212	-54.5717
10.1106	-18.2399	-54.7879
10.1218	-18.1698	-54.9581
10.1331	-18.08	-55.204
10.1443	-18.0013	-55.4045
10.1556	-17.9334	-55.5617
10.1668	-17.8563	-55.7533
10.1781	-17.7799	-55.9403
10.1893	-17.7043	-56.1228
10.2006	-17.6296	-56.3011
10.2119	-17.5653	-56.4401
10.2231	-17.492	-56.6109
10.2344	-17.4194	-56.778
10.2456	-17.3476	-56.9415
10.2569	-17.2766	-57.1015
10.2681	-17.2156	-57.2255
10.2794	-17.1365	-57.4112
10.2906	-17.0675	-57.5612
10.3019	-17.0084	-57.6773
10.3132	-16.9407	-57.8218
10.3244	-16.8737	-57.9634
10.3357	-16.8073	-58.1023
10.3469	-16.7415	-58.2385
10.3582	-16.6853	-58.3437
10.3694	-16.6118	-58.5037
10.3807	-16.5479	-58.6327
10.3919	-16.4933	-58.732
10.4032	-16.4304	-58.8568
10.4145	-16.3681	-58.9796
10.4257	-16.3064	-59.1003
10.437	-16.2452	-59.2189
10.4482	-16.1931	-59.3103
10.4595	-16.1329	-59.4256
10.4707	-16.0732	-59.5392
10.482	-16.0141	-59.651
10.4932	-15.9554	-59.7613
10.5045	-15.9054	-59.8462
10.5158	-15.8394	-59.977
10.527	-15.7821	-60.0826
10.5383	-15.7334	-60.164
10.5495	-15.677	-60.267
10.5608	-15.621	-60.3687
10.572	-15.5654	-60.4691
10.5833	-15.5102	-60.5682
10.5945	-15.4633	-60.6449
10.6058	-15.4011	-60.7629
10.6171	-15.3471	-60.8585
10.6283	-15.3013	-60.9327
10.6396	-15.248	-61.0264
10.6508	-15.195	-61.119
10.6621	-15.1425	-61.2106
10.6733	-15.0903	-61.3011
10.6846	-15.0459	-61.3717
10.6958	-14.9943	-61.4606
10.7071	-14.9431	-61.5487
10.7184	-14.8921	-61.6357
10.7296	-14.8415	-61.722
10.7409	-14.7985	-61.7895
10.7521	-14.7411	-61.8918
10.7634	-14.6913	-61.9754
10.7746	-14.6491	-62.0412
10.7859	-14.5998	-62.1233
10.7971	-14.5508	-62.2047
10.8084	-14.5021	-62.2852
10.8197	-14.4537	-62.365
10.8309	-14.4125	-62.428
10.8422	-14.3575	-62.5222
10.8534	-14.3098	-62.5996
10.8647	-14.2693	-62.661
10.8759	-14.222	-62.737
10.8872	-14.1749	-62.8123
10.8984	-14.1281	-62.8868
10.9097	-14.0815	-62.9605
10.921	-14.0418	-63.0191
10.9322	-13.9956	-63.0915
10.9435	-13.9495	-63.163
10.9547	-13.9037	-63.2338
10.966	-13.8581	-63.3038
10.9772	-13.8192	-63.3596
10.9885	-13.7674	-63.4414
10.9997	-13.7223	-63.5089
11.011	-13.6839	-63.5629
11.0223	-13.6392	-63.6289
11.0335	-13.5946	-63.6941
11.0448	-13.5503	-63.7586
11.056	-13.506	-63.8221
11.0673	-13.4683	-63.8729
11.0785	-13.4181	-63.9468
11.0898	-13.3744	-64.0078
11.1011	-13.3371	-64.0565
11.1123	-13.2937	-64.1159
11.1236	-13.2504	-64.1744
11.1348	-13.2073	-64.232
11.1461	-13.1644	-64.2886
11.1573	-13.1277	-64.3337
11.1686	-13.085	-64.3887
11.1798	-13.0425	-64.4428
11.1911	-13.0001	-64.4959
11.2024	-12.9579	-64.548
11.2136	-12.9217	-64.5892
11.2249	-12.8739	-64.6494
11.2361	-12.8321	-64.6986
11.2474	-12.7963	-64.7372
11.2586	-12.7548	-64.7845
11.2699	-12.7135	-64.8308
11.2811	-12.6722	-64.8761
11.2924	-12.6312	-64.9204
11.3037	-12.596	-64.9547
11.3149	-12.5495	-65.0059
11.3262	-12.5089	-65.047
11.3374	-12.474	-65.0785
11.3487	-12.4337	-65.1177
11.3599	-12.3935	-65.1557
11.3712	-12.3534	-65.1927
11.3824	-12.3136	-65.2286
11.3937	-12.2793	-65.2555
11.405	-12.2397	-65.2894
11.4162	-12.2003	-65.3221
11.4275	-12.161	-65.3539
11.4387	-12.1218	-65.3844
11.45	-12.0882	-65.4065
11.4612	-12.044	-65.4424
11.4725	-12.0053	-65.4696
11.4837	-11.9722	-65.4886
11.495	-11.9338	-65.5137
11.5063	-11.8956	-65.5378
11.5175	-11.8576	-65.5608
11.5288	-11.8197	-65.5826
11.54	-11.7872	-65.5966
11.5513	-11.7445	-65.6229
11.5625	-11.7072	-65.6414
11.5738	-11.6751	-65.6524
11.585	-11.6381	-65.6687
11.5963	-11.6013	-65.6839
11.6076	-11.5646	-65.6981
11.6188	-11.5282	-65.7111
11.6301	-11.4969	-65.717
11.6413	-11.4608	-65.728
11.6526	-11.4248	-65.7378
11.6638	-11.3891	-65.7465
11.6751	-11.3535	-65.7542
11.6863	-11.3231	-65.7551
11.6976	-11.283	-65.7663
11.7089	-11.248	-65.7707
11.7201	-11.2181	-65.7686
11.7314	-11.1835	-65.771
11.7426	-11.1491	-65.7723
11.7539	-11.1149	-65.7727
11.7651	-11.081	-65.772
11.7764	-11.0519	-65.7651
11.7876	-11.0136	-65.7675
11.7989	-10.9802	-65.7638
11.8102	-10.9517	-65.7541
11.8214	-10.9188	-65.7485
11.8327	-10.886	-65.7418
11.8439	-10.8535	-65.7343
11.8552	-10.8212	-65.7257
11.8664	-10.7936	-65.7117
11.8777	-10.7617	-65.7014
11.8889	-10.73	-65.6902
11.9002	-10.6985	-65.6781
11.9115	-10.6673	-65.6651
11.9227	-10.6407	-65.6469
11.934	-10.6054	-65.6365
11.9452	-10.5748	-65.6209
11.9565	-10.5488	-65.6004
11.9677	-10.5187	-65.5833
11.979	-10.4887	-65.5654
11.9902	-10.459	-65.5467
12.0015	-10.4295	-65.5272
12.0128	-10.4045	-65.503
12.024	-10.3755	-65.4822
12.0353	-10.3424	-65.4645
12.0465	-10.318	-65.4384
12.0578	-10.2896	-65.4155
12.069	-10.2615	-65.3919
12.0803	-10.2336	-65.3677
12.0915	-10.2059	-65.3429
12.1028	-10.1826	-65.3139
12.1141	-10.1553	-65.2879
12.1253	-10.1283	-65.2615
12.1366	-10.1015	-65.2344
12.1478	-10.0749	-65.2069
12.1591	-10.0526	-65.1753
12.1703	-10.0224	-65.1504
12.1816	-9.99652	-65.1215
12.1928	-9.97491	-65.0886
12.2041	-9.94945	-65.0589
12.2154	-9.92422	-65.0287
12.2266	-9.89923	-64.9982
12.2379	-9.87445	-64.9673
12.2491	-9.85388	-64.9328
12.2604	-9.82955	-64.9013
12.2716	-9.80149	-64.8727
12.2829	-9.78156	-64.8373
12.2941	-9.7579	-64.805
12.3054	-9.73446	-64.7724
12.3167	-9.71126	-64.7396
12.3279	-9.68827	-64.7065
12.3392	-9.66937	-64.6702
12.3504	-9.64681	-64.6369
12.3617	-9.62447	-64.6034
12.3729	-9.60236	-64.5697
12.3842	-9.58046	-64.5359
12.3954	-9.56258	-64.4991
12.4067	-9.53733	-64.4681
12.418	-9.51609	-64.434
12.4292	-9.49882	-64.397
12.4405	-9.47799	-64.3629
12.4517	-9.45739	-64.3287
12.463	-9.43699	-64.2946
12.4742	-9.4168	-64.2604
12.4855	-9.40052	-64.2234
12.4967	-9.38074	-64.1894
12.508	-9.3575	-64.1581
12.5193	-9.3418	-64.1213
12.5305	-9.32264	-64.0873
12.5418	-9.30367	-64.0534
12.553	-9.28491	-64.0196
12.5643	-9.26635	-63.986
12.5755	-9.25159	-63.9496
12.5868	-9.23341	-63.9162
12.598	-9.21542	-63.8829
12.6093	-9.19762	-63.8497
12.6206	-9.18001	-63.8166
12.6318	-9.16613	-63.7811
12.6431	-9.14534	-63.751
12.6543	-9.12828	-63.7184
12.6656	-9.11491	-63.6834
12.6768	-9.0982	-63.6512
12.6881	-9.08166	-63.6191
12.6993	-9.06529	-63.5873
12.7106	-9.04909	-63.5557
12.7219	-9.03652	-63.5217
12.7331	-9.02064	-63.4905
12.7444	-9.00147	-63.4621
12.7556	-8.98934	-63.4286
12.7669	-8.97393	-63.3978
12.7781	-8.96208	-63.3647
12.7894	-8.94354	-63.3368
12.8006	-8.92857	-63.3067
12.8119	-8.91713	-63.2744
12.8232	-8.90243	-63.2448
12.8344	-8.88787	-63.2155
12.8457	-8.87344	-63.1864
12.8569	-8.85913	-63.1576
12.8682	-8.8483	-63.1267
12.8794	-8.8309	-63.1009
12.8907	-8.81696	-63.073
12.902	-8.80646	-63.0429
12.9132	-8.79274	-63.0156
12.9245	-8.77914	-62.9885
12.9357	-8.76563	-62.9618
12.947	-8.75223	-62.9353
12.9582	-8.74221	-62.9069
12.9695	-8.729	-62.8811
12.9807	-8.71262	-62.8579
12.992	-8.70286	-62.8305
13.0033	-8.68992	-62.8056
13.0145	-8.6803	-62.7788
13.0258	-8.66429	-62.757
13.037	-8.65159	-62.7332
13.0483	-8.64219	-62.7075
13.0595	-8.62963	-62.6844
13.0708	-8.61714	-62.6617
13.082	-8.60471	-62.6393
13.0933	-8.59236	-62.6172
13.1046	-8.58324	-62.5933
13.1158	-8.56783	-62.5743
13.1271	-8.55565	-62.5533
13.1383	-8.54669	-62.5306
13.1496	-8.53462	-62.5104
13.1608	-8.5226	-62.4906
13.1721	-8.51062	-62.4712
13.1833	-8.49869	-62.4522
13.1946	-8.48992	-62.4314
13.2059	-8.47808	-62.4131
13.2171	-8.46316	-62.3974
13.2284	-8.45451	-62.3777
13.2396	-8.44278	-62.3606
13.2509	-8.43419	-62.3417
13.2621	-8.41945	-62.3275
13.2734	-8.40784	-62.3115
13.2846	-8.39933	-62.2939
13.2959	-8.38778	-62.2787
13.3072	-8.37626	-62.2638
13.3184	-8.36477	-62.2494
13.3297	-8.35331	-62.2353
13.3409	-8.34492	-62.2195
13.3522	-8.33049	-62.2081
13.3634	-8.31913	-62.1951
13.3747	-8.31081	-62.1804
13.3859	-8.2995	-62.1681
13.3972	-8.28822	-62.1561
13.4085	-8.27697	-62.1444
13.4197	-8.26574	-62.133
13.431	-8.25753	-62.1201
13.4422	-8.24635	-62.1093
13.4535	-8.23224	-62.1008
13.4647	-8.22409	-62.0887
13.476	-8.213	-62.0788
13.4872	-8.20489	-62.0673
13.4985	-8.19091	-62.0598
13.5098	-8.17991	-62.0506
13.521	-8.17188	-62.0399
13.5323	-8.16093	-62.0312
13.5435	-8.15001	-62.0227
13.5548	-8.13912	-62.0144
13.566	-8.12826	-62.0063
13.5773	-8.12033	-61.9966
13.5885	-8.10663	-61.9906
13.5998	-8.09586	-61.9829
13.6111	-8.08801	-61.9736
13.6223	-8.0773	-61.9662
13.6336	-8.06662	-61.9589
13.6448	-8.05598	-61.9517
13.6561	-8.04536	-61.9445
13.6673	-8.03764	-61.9358
13.6786	-8.02708	-61.9288
13.6898	-8.0137	-61.9234
13.7011	-8.00605	-61.9148
13.7124	-7.99559	-61.9078
13.7236	-7.98799	-61.8992
13.7349	-7.97476	-61.8938
13.7461	-7.9644	-61.8868
13.7574	-7.95688	-61.8781
13.7686	-7.94658	-61.871
13.7799	-7.9363	-61.8638
13.7911	-7.92606	-61.8565
13.8024	-7.91585	-61.8492
13.8137	-7.90845	-61.8402
13.8249	-7.89551	-61.8341
13.8362	-7.88539	-61.8264
13.8474	-7.87808	-61.8171
13.8587	-7.86802	-61.8091
13.8699	-7.85799	-61.801
13.8812	-7.84799	-61.7928
13.8924	-7.83803	-61.7843
13.9037	-7.83084	-61.7743
13.915	-7.82092	-61.7656
13.9262	-7.8083	-61.7581
13.9375	-7.80118	-61.7476
13.9487	-7.79135	-61.7383
13.96	-7.78427	-61.7274
13.9712	-7.77179	-61.7191
13.9825	-7.76205	-61.7092
13.9937	-7.75504	-61.6977
14.005	-7.74536	-61.6874
14.0163	-7.73571	-61.6769
14.0275	-7.72608	-61.6663
14.0388	-7.71648	-61.6554
14.05	-7.70959	-61.6429
14.0613	-7.69737	-61.633
14.0725	-7.68786	-61.6215
14.0838	-7.68104	-61.6084
14.095	-7.67158	-61.5965
14.1063	-7.66215	-61.5844
14.1176	-7.65276	-61.5721
14.1288	-7.64339	-61.5596
14.1401	-7.63669	-61.5456
14.1513	-7.62738	-61.5327
14.1626	-7.61547	-61.5209
14.1738	-7.60885	-61.5064
14.1851	-7.59963	-61.493
14.1963	-7.59305	-61.4782
14.2076	-7.58129	-61.4656
14.2189	-7.57217	-61.4516
14.2301	-7.56568	-61.4363
14.2414	-7.55662	-61.422
14.2526	-7.5476	-61.4076
14.2639	-7.53862	-61.3929
14.2751	-7.52967	-61.3782
14.2864	-7.52333	-61.3621
14.2976	-7.51189	-61.3483
14.3089	-7.50305	-61.3331
14.3202	-7.49681	-61.3166
14.3314	-7.48805	-61.3011
14.3427	-7.47933	-61.2855
14.3539	-7.47065	-61.2698
14.3652	-7.46201	-61.2539
14.3764	-7.45595	-61.2368
14.3877	-7.44739	-61.2206
14.3989	-7.43637	-61.2056
14.4102	-7.43042	-61.1881
14.4215	-7.42199	-61.1716
14.4327	-7.41612	-61.1539
14.444	-7.40528	-61.1383
14.4552	-7.397	-61.1215
14.4665	-7.39125	-61.1035
14.4777	-7.38306	-61.0864
14.489	-7.37491	-61.0692
14.5002	-7.36681	-61.0519
14.5115	-7.35877	-61.0345
14.5228	-7.35324	-61.0159
14.534	-7.34282	-60.9993
14.5453	-7.33492	-60.9816
14.5565	-7.32951	-60.9627
14.5678	-7.3217	-60.9447
14.579	-7.31394	-60.9265
14.5903	-7.30623	-60.9083
14.6016	-7.29856	-60.8899
14.6128	-7.29338	-60.8703
14.6241	-7.28581	-60.8517
14.6353	-7.27588	-60.8339
14.6466	-7.27083	-60.8141
14.6578	-7.2634	-60.7951
14.6691	-7.25843	-60.7749
14.6803	-7.24868	-60.7567
14.6916	-7.24139	-60.7373
14.7029	-7.23654	-60.7167
14.7141	-7.22934	-60.697
14.7254	-7.22218	-60.6771
14.7366	-7.21507	-60.6571
14.7479	-7.208	-60.637
14.7591	-7.20335	-60.6157
14.7704	-7.19636	-60.5954
14.7816	-7.18705	-60.5759
14.7929	-7.1825	-60.5542
14.8042	-7.17562	-60.5334
14.8154	-7.16878	-60.5125
14.8267	-7.16197	-60.4914
14.8379	-7.15521	-60.4701
14.8492	-7.15082	-60.4478
14.8604	-7.14412	-60.4262
14.8717	-7.13514	-60.4056
14.8829	-7.13084	-60.3828
14.8942	-7.12424	-60.361
14.9055	-7.11998	-60.338
14.9167	-7.11112	-60.3169
14.928	-7.10461	-60.2946
14.9392	-7.10042	-60.2712
14.9505	-7.09396	-60.2487
14.9617	-7.08752	-60.226
14.973	-7.08112	-60.2032
14.9842	-7.07474	-60.1804
14.9955	-7.07067	-60.1564
15.0068	-7.06433	-60.1334
15.018	-7.05575	-60.1112
15.0293	-7.05173	-60.087
15.0405	-7.04546	-60.0637
15.0518	-7.03921	-60.0402
15.063	-7.03299	-60.0167
15.0743	-7.02678	-59.9931
15.0855	-7.02285	-59.9684
15.0968	-7.01669	-59.9445
15.1081	-7.00832	-59.9216
15.1193	-7.00445	-59.8968
15.1306	-6.99836	-59.8728
15.1418	-6.99451	-59.8478
15.1531	-6.98623	-59.8247
15.1643	-6.9802	-59.8005
15.1756	-6.9764	-59.7753
15.1868	-6.9704	-59.751
15.1981	-6.96444	-59.7266
15.2094	-6.95849	-59.7022
15.2206	-6.95258	-59.6777
15.2319	-6.94888	-59.6523
15.2431	-6.94301	-59.6278
15.2544	-6.93498	-59.6042
15.2656	-6.93133	-59.5786
15.2769	-6.92553	-59.554
15.2881	-6.91975	-59.5293
15.2994	-6.91401	-59.5045
15.3107	-6.90829	-59.4797
15.3219	-6.90475	-59.4539
15.3332	-6.89909	-59.429
15.3444	-6.89131	-59.405
15.3557	-6.88786	-59.379
15.3669	-6.88229	-59.354
15.3782	-6.87888	-59.328
15.3894	-6.87123	-59.3039
15.4007	-6.86575	-59.2787
15.412	-6.86243	-59.2525
15.4232	-6.85701	-59.2272
15.4345	-6.85162	-59.2018
15.4457	-6.84628	-59.1764
15.457	-6.84097	-59.1509
15.4682	-6.83781	-59.1243
15.4795	-6.83257	-59.0987
15.4907	-6.82527	-59.0741
15.502	-6.8222	-59.0473
15.5133	-6.81707	-59.0215
15.5245	-6.81406	-58.9947
15.5358	-6.80692	-58.9697
15.547	-6.80191	-58.9436
15.5583	-6.79901	-58.9164
15.5695	-6.79407	-58.8901
15.5808	-6.78711	-58.8648
15.592	-6.78432	-58.8374
15.6033	-6.77951	-58.8109
15.6146	-6.77679	-58.7834
15.6258	-6.77	-58.7577
15.6371	-6.7653	-58.7309
15.6483	-6.76268	-58.7031
15.6596	-6.75806	-58.6761
15.6708	-6.75348	-58.649
15.6821	-6.74894	-58.6219
15.6933	-6.74445	-58.5946
15.7046	-6.74202	-58.5663
15.7159	-6.7376	-58.5389
15.7271	-6.7312	-58.5124
15.7384	-6.72888	-58.4838
15.7496	-6.72457	-58.4561
15.7609	-6.72231	-58.4274
15.7721	-6.71608	-58.4005
15.7834	-6.7119	-58.3726
15.7946	-6.70974	-58.3436
15.8059	-6.70564	-58.3155
15.8172	-6.69958	-58.2884
15.8284	-6.69753	-58.2592
15.8397	-6.69354	-58.2309
15.8509	-6.69156	-58.2016
15.8622	-6.68566	-58.1743
15.8734	-6.68178	-58.1459
15.8847	-6.67989	-58.1165
15.8959	-6.67608	-58.088
15.9072	-6.67231	-58.0595
15.9185	-6.66857	-58.031
15.9297	-6.66487	-58.0025
15.941	-6.66315	-57.9729
15.9522	-6.65951	-57.9444
15.9635	-6.65398	-57.917
15.9747	-6.65235	-57.8874
15.986	-6.64883	-57.8589
15.9972	-6.64726	-57.8294
16.0085	-6.63995	-57.8031
16.0198	-6.64037	-57.7725
16.031	-6.63698	-57.7442
16.0423	-6.63363	-57.7159
16.0535	-6.6284	-57.6888
16.0648	-6.62512	-57.6606
16.076	-6.62567	-57.6303
16.0873	-6.62245	-57.6023
16.0985	-6.61736	-57.5755
16.1098	-6.61421	-57.5476
16.1211	-6.61109	-57.5198
16.1323	-6.61177	-57.4899
16.1436	-6.60683	-57.4634
16.1548	-6.60381	-57.4359
16.1661	-6.60082	-57.4085
16.1773	-6.59786	-57.3813
16.1886	-6.5968	-57.353
16.1999	-6.5939	-57.326
16.2111	-6.59103	-57.2991
16.2224	-6.58819	-57.2723
16.2336	-6.58538	-57.2456
16.2449	-6.58075	-57.2203
16.2561	-6.5817	-57.1915
16.2674	-6.57898	-57.1652
16.2786	-6.57628	-57.139
16.2899	-6.57177	-57.1142
16.3011	-6.56913	-57.0883
16.3124	-6.57018	-57.0601
16.3237	-6.56758	-57.0345
16.3349	-6.56318	-57.0102
16.3462	-6.56063	-56.9849
16.3574	-6.5581	-56.9596
16.3687	-6.55923	-56.932
16.3799	-6.55492	-56.9083
16.3912	-6.55245	-56.8834
16.4025	-6.54999	-56.8586
16.4137	-6.54756	-56.834
16.425	-6.54693	-56.8083
16.4362	-6.54451	-56.7839
16.4475	-6.5421	-56.7596
16.4587	-6.5397	-56.7354
16.47	-6.53731	-56.7113
16.4812	-6.53492	-56.6874
16.4925	-6.53433	-56.6622
16.5038	-6.53195	-56.6384
16.515	-6.52957	-56.6146
16.5263	-6.52542	-56.5923
16.5375	-6.52305	-56.5687
16.5488	-6.52419	-56.5427
16.56	-6.5218	-56.5193
16.5713	-6.51763	-56.4973
16.5825	-6.51522	-56.4741
16.5938	-6.51279	-56.4508
16.6051	-6.51385	-56.4251
16.6163	-6.50964	-56.4033
16.6276	-6.50716	-56.3802
16.6388	-6.50467	-56.3572
16.6501	-6.50215	-56.3342
16.6613	-6.50134	-56.31
16.6726	-6.49877	-56.2871
16.6838	-6.49616	-56.2642
16.6951	-6.49353	-56.2414
16.7064	-6.49086	-56.2186
16.7176	-6.48816	-56.1958
16.7289	-6.48713	-56.1716
16.7401	-6.48436	-56.1488
16.7514	-6.48154	-56.126
16.7626	-6.47698	-56.1045
16.7739	-6.47408	-56.0817
16.7851	-6.47453	-56.0562
16.7964	-6.47153	-56.0334
16.8077	-6.46679	-56.012
16.8189	-6.46369	-55.9891
16.8302	-6.46055	-55.9662
16.8414	-6.46071	-55.9406
16.8527	-6.45577	-55.919
16.8639	-6.45246	-55.8959
16.8752	-6.4491	-55.8729
16.8864	-6.44567	-55.8498
16.8977	-6.44386	-55.8253
16.909	-6.44032	-55.8021
16.9202	-6.43671	-55.7788
16.9315	-6.43304	-55.7555
16.9427	-6.42931	-55.7321
16.954	-6.42552	-55.7085
16.9652	-6.42331	-55.6835
16.9765	-6.41939	-55.6598
16.9877	-6.41541	-55.636
16.999	-6.41137	-55.6121
17.0103	-6.40563	-55.5894
17.0215	-6.40472	-55.5625
17.0328	-6.40048	-55.5383
17.044	-6.39456	-55.5153
17.0553	-6.39019	-55.4907
17.0665	-6.38576	-55.466
17.0778	-6.38449	-55.4384
17.089	-6.37832	-55.4147
17.1003	-6.3737	-55.3894
17.1116	-6.36902	-55.364
17.1228	-6.36428	-55.3383
17.1341	-6.36108	-55.3111
17.1453	-6.35621	-55.2851
17.1566	-6.35128	-55.2589
17.1678	-6.3463	-55.2324
17.1791	-6.34126	-55.2056
17.1903	-6.33616	-55.1786
17.2016	-6.33257	-55.1499
17.2129	-6.32736	-55.1224
17.2241	-6.32209	-55.0945
17.2354	-6.31677	-55.0664
17.2466	-6.30985	-55.0393
17.2579	-6.30754	-55.0078
17.2691	-6.30207	-54.9787
17.2804	-6.295	-54.9506
17.2916	-6.28943	-54.9208
17.3029	-6.28382	-54.8907
17.3142	-6.28124	-54.8575
17.3254	-6.274	-54.8279
17.3367	-6.26825	-54.7966
17.3479	-6.26247	-54.7649
17.3592	-6.25665	-54.7328
17.3704	-6.25231	-54.6989
17.3817	-6.24642	-54.666
17.3929	-6.24048	-54.6326
17.4042	-6.23452	-54.5988
17.4155	-6.22852	-54.5645
17.4267	-6.22249	-54.5298
17.438	-6.21793	-54.4932
17.4492	-6.21184	-54.4576
17.4605	-6.20573	-54.4214
17.4717	-6.19959	-54.3847
17.483	-6.19196	-54.3489
17.4942	-6.18873	-54.3086
17.5055	-6.18253	-54.2705
17.5168	-6.17485	-54.2332
17.528	-6.16861	-54.194
17.5393	-6.16237	-54.1543
17.5505	-6.159	-54.1115
17.5618	-6.15128	-54.0722
17.573	-6.14499	-54.0309
17.5843	-6.1387	-53.9892
17.5955	-6.1324	-53.9469
17.6068	-6.12752	-53.9028
17.6181	-6.12121	-53.8595
17.6293	-6.1149	-53.8157
17.6406	-6.10859	-53.7713
17.6518	-6.10228	-53.7265
17.6631	-6.09597	-53.6811
17.6743	-6.09107	-53.6339
17.6856	-6.08477	-53.5875
17.6968	-6.07848	-53.5406
17.7081	-6.0722	-53.4932
17.7194	-6.06455	-53.4466
17.7306	-6.06107	-53.3957
17.7419	-6.05483	-53.3469
17.7531	-6.04861	-53.2976
17.7644	-6.04105	-53.2491
17.7756	-6.03487	-53.1989
17.7869	-6.03143	-53.1456
17.7981	-6.02395	-53.0958
17.8094	-6.01785	-53.0443
17.8207	-6.01178	-52.9923
17.8319	-6.00574	-52.9399
17.8432	-6.00107	-52.8858
17.8544	-5.9951	-52.8327
17.8657	-5.98916	-52.7792
17.8769	-5.98326	-52.7253
17.8882	-5.97741	-52.671
17.8994	-5.97159	-52.6164
17.9107	-5.96713	-52.5602
17.922	-5.9614	-52.5049
17.9332	-5.95572	-52.4494
17.9445	-5.9501	-52.3935
17.9557	-5.94324	-52.3387
17.967	-5.94029	-52.2797
17.9782	-5.93482	-52.223
17.9895	-5.92941	-52.1661
18.0007	-5.9228	-52.1103
18.012	-5.91751	-52.053
18.0233	-5.9148	-51.9928
18.0345	-5.90839	-51.9364
18.0458	-5.90329	-51.8785
18.057	-5.89826	-51.8204
18.0683	-5.89331	-51.7622
18.0795	-5.88966	-51.7025
18.0908	-5.88484	-51.6441
18.1021	-5.8801	-51.5855
18.1133	-5.87543	-51.5268
18.1246	-5.87084	-51.4681
18.1358	-5.86633	-51.4093
18.1471	-5.8631	-51.3491
18.1583	-5.85874	-51.2902
18.1696	-5.85446	-51.2313
18.1808	-5.85027	-51.1723
18.1921	-5.84497	-51.1147
18.2034	-5.84331	-51.0532
18.2146	-5.83937	-50.9943
18.2259	-5.8355	-50.9354
18.2371	-5.83056	-50.878
18.2484	-5.82687	-50.8193
18.2596	-5.8256	-50.7579
18.2709	-5.82092	-50.7008
18.2821	-5.81749	-50.6423
18.2934	-5.81415	-50.584
18.3047	-5.8109	-50.5258
18.3159	-5.80888	-50.4664
18.3272	-5.8058	-50.4085
18.3384	-5.8028	-50.3508
18.3497	-5.7999	-50.2933
18.3609	-5.79708	-50.2359
18.3722	-5.79435	-50.1788
18.3834	-5.79282	-50.1205
18.3947	-5.79026	-50.0638
18.406	-5.78778	-50.0073
18.4172	-5.78539	-49.9511
18.4285	-5.78198	-49.8965
18.4397	-5.78194	-49.8381
18.451	-5.7798	-49.7827
18.4622	-5.77773	-49.7276
18.4735	-5.77466	-49.6742
18.4847	-5.77276	-49.6197
18.496	-5.77307	-49.5627
18.5073	-5.77131	-49.5088
18.5185	-5.76856	-49.4568
18.5298	-5.76695	-49.4036
18.541	-5.76542	-49.3508
18.5523	-5.765	-49.297
18.5635	-5.7636	-49.245
18.5748	-5.76226	-49.1933
18.586	-5.76098	-49.1421
18.5973	-5.75978	-49.0913
18.6086	-5.75862	-49.0409
18.6198	-5.75856	-48.9894
18.6311	-5.75752	-48.9398
18.6423	-5.75654	-48.8907
18.6536	-5.7556	-48.8421
18.6648	-5.7537	-48.7954
18.6761	-5.75489	-48.7446
18.6873	-5.7541	-48.6973
18.6986	-5.75335	-48.6505
18.7099	-5.75163	-48.6057
18.7211	-5.75096	-48.5599
18.7324	-5.75231	-48.5115
18.7436	-5.7517	-48.4667
18.7549	-5.75013	-48.4239
18.7661	-5.74958	-48.3801
18.7774	-5.74906	-48.3368
18.7886	-5.74856	-48.294
18.7999	-5.74905	-48.2502
18.8112	-5.74858	-48.2084
18.8224	-5.74716	-48.1688
18.8337	-5.74769	-48.1266
18.8449	-5.74629	-48.088
18.8562	-5.74874	-48.0437
18.8674	-5.74736	-48.0062
18.8787	-5.74599	-47.9693
18.8899	-5.74651	-47.9298
18.9012	-5.74514	-47.894
18.9125	-5.74565	-47.8555
18.9237	-5.74614	-47.8176
18.935	-5.74475	-47.7835
18.9462	-5.74521	-47.7467
18.9575	-5.7438	-47.7137
18.9687	-5.74421	-47.6779
18.98	-5.7446	-47.6428
18.9912	-5.74313	-47.6114
19.0025	-5.74346	-47.5773
19.0138	-5.74194	-47.547
19.025	-5.74039	-47.5173
19.0363	-5.74244	-47.4816
19.0475	-5.74082	-47.4529
19.0588	-5.73917	-47.4248
19.07	-5.73928	-47.394
19.0813	-5.73756	-47.3669
19.0925	-5.73936	-47.3338
19.1038	-5.73754	-47.3078
19.1151	-5.73568	-47.2823
19.1263	-5.73555	-47.2539
19.1376	-5.7336	-47.2294
19.1488	-5.73335	-47.2021
19.1601	-5.73305	-47.1753
19.1713	-5.73094	-47.1522
19.1826	-5.73051	-47.1263
19.1938	-5.72829	-47.1042
19.2051	-5.72774	-47.0792
19.2164	-5.72712	-47.0546
19.2276	-5.72472	-47.0338
19.2389	-5.72398	-47.0101
19.2501	-5.72145	-46.9901
19.2614	-5.71887	-46.9706
19.2726	-5.71962	-46.9447
19.2839	-5.7169	-46.926
19.2951	-5.71412	-46.9076
19.3064	-5.71296	-46.8862
19.3177	-5.71005	-46.8685
19.3289	-5.71041	-46.8444
19.3402	-5.70736	-46.8273
19.3514	-5.70425	-46.8106
19.3627	-5.70272	-46.7908
19.3739	-5.69948	-46.7747
19.3852	-5.6978	-46.7555
19.3964	-5.69605	-46.7365
19.4077	-5.6926	-46.7212
19.419	-5.6907	-46.7027
19.4302	-5.68711	-46.6877
19.4415	-5.68507	-46.6696
19.4527	-5.68295	-46.6518
19.464	-5.67916	-46.6374
19.4752	-5.6769	-46.6199
19.4865	-5.67297	-46.6058
19.4977	-5.66898	-46.5918
19.509	-5.6681	-46.5714
19.5203	-5.66397	-46.5577
19.5315	-5.65978	-46.544
19.5428	-5.6571	-46.5271
19.554	-5.65279	-46.5136
19.5653	-5.65154	-46.4935
19.5765	-5.6471	-46.48
19.5878	-5.64261	-46.4666
19.599	-5.63961	-46.4499
19.6103	-5.635	-46.4364
19.6216	-5.63187	-46.4197
19.6328	-5.62868	-46.4029
19.6441	-5.62389	-46.3893
19.6553	-5.62058	-46.3724
19.6666	-5.6157	-46.3586
19.6778	-5.61228	-46.3415
19.6891	-5.60881	-46.3244
19.7003	-5.60378	-46.3103
19.7116	-5.6002	-46.2929
19.7229	-5.59508	-46.2786
19.7341	-5.58991	-46.2641
19.7454	-5.58766	-46.2433
19.7566	-5.58241	-46.2284
19.7679	-5.57711	-46.2134
19.7791	-5.57325	-46.1952
19.7904	-5.56788	-46.1798
19.8017	-5.56539	-46.1582
19.8129	-5.55995	-46.1424
19.8242	-5.55448	-46.1264
19.8354	-5.55042	-46.1072
19.8467	-5.54488	-46.0908
19.8579	-5.54075	-46.0712
19.8692	-5.53658	-46.0514
19.8804	-5.53096	-46.0343
19.8917	-5.52673	-46.0141
19.903	-5.52107	-45.9965
19.9142	-5.51679	-45.9758
19.9255	-5.51248	-45.9549
19.9367	-5.50676	-45.9366
19.948	-5.50241	-45.9152
19.9592	-5.49666	-45.8965
19.9705	-5.4909	-45.8775
19.9817	-5.48787	-45.8527
19.993	-5.48208	-45.8333
20.0043	-5.47629	-45.8137
20.0155	-5.47185	-45.791
20.0268	-5.46605	-45.7709
20.038	-5.46292	-45.7451
20.0493	-5.45712	-45.7246
20.0605	-5.45132	-45.7039
20.0718	-5.44685	-45.6804
20.083	-5.44106	-45.6593
20.0943	-5.43659	-45.6354
20.1056	-5.43211	-45.6114
20.1168	-5.42634	-45.5898
20.1281	-5.42187	-45.5655
20.1393	-5.41613	-45.5436
20.1506	-5.41168	-45.519
20.1618	-5.40724	-45.4943
20.1731	-5.40154	-45.472
20.1843	-5.39714	-45.4472
20.1956	-5.39148	-45.4247
20.2069	-5.38585	-45.4022
20.2181	-5.38274	-45.3746
20.2294	-5.37716	-45.352
20.2406	-5.37283	-45.3268
20.2519	-5.3673	-45.3041
20.2631	-5.36181	-45.2813
20.2744	-5.35879	-45.2535
20.2856	-5.35336	-45.2307
20.2969	-5.34796	-45.2079
20.3082	-5.34381	-45.1826
20.3194	-5.3385	-45.1598
20.3307	-5.33441	-45.1347
20.3419	-5.33036	-45.1096
20.3532	-5.32515	-45.087
20.3644	-5.32117	-45.062
20.3757	-5.31606	-45.0394
20.3869	-5.31215	-45.0146
20.3982	-5.30829	-44.9899
20.4095	-5.30331	-44.9677
20.4207	-5.29953	-44.9432
20.432	-5.29465	-44.9212
20.4432	-5.28982	-44.8993
20.4545	-5.2873	-44.873
20.4657	-5.28257	-44.8514
20.477	-5.279	-44.8277
20.4882	-5.27437	-44.8065
20.4995	-5.26979	-44.7854
20.5108	-5.26746	-44.76
20.522	-5.26297	-44.7393
20.5333	-5.25854	-44.7188
20.5445	-5.25525	-44.6963
20.5558	-5.25092	-44.6762
20.567	-5.24771	-44.6542
20.5783	-5.24454	-44.6325
20.5895	-5.24035	-44.6131
20.6008	-5.23727	-44.5918
20.6121	-5.23318	-44.5729
20.6233	-5.23018	-44.5522
20.6346	-5.22722	-44.5317
20.6458	-5.22326	-44.5136
20.6571	-5.22038	-44.4938
20.6683	-5.2165	-44.4762
20.6796	-5.21267	-44.459
20.6908	-5.21092	-44.4379
20.7021	-5.20716	-44.4213
20.7134	-5.20445	-44.4029
20.7246	-5.20077	-44.3869
20.7359	-5.19712	-44.3712
20.7471	-5.1955	-44.3517
20.7584	-5.19191	-44.3367
20.7696	-5.18835	-44.322
20.7809	-5.1858	-44.3056
20.7921	-5.1823	-44.2916
20.8034	-5.17979	-44.2759
20.8147	-5.1773	-44.2606
20.8259	-5.17386	-44.2476
20.8372	-5.1714	-44.233
20.8484	-5.16799	-44.2208
20.8597	-5.16555	-44.2069
20.8709	-5.16312	-44.1935
20.8822	-5.15975	-44.1824
20.8934	-5.15732	-44.1697
20.9047	-5.15396	-44.1593
20.916	-5.15061	-44.1494
20.9272	-5.14911	-44.136
20.9385	-5.14575	-44.1267
20.9497	-5.14331	-44.116
20.961	-5.13994	-44.1076
20.9722	-5.13657	-44.0995
20.9835	-5.13501	-44.0881
20.9947	-5.13162	-44.0809
21.006	-5.12822	-44.074
21.0173	-5.1257	-44.0656
21.0285	-5.12226	-44.0595
21.0398	-5.1197	-44.0519
21.051	-5.11711	-44.0448
21.0623	-5.11362	-44.0398
21.0735	-5.11098	-44.0333
21.0848	-5.10745	-44.0291
21.096	-5.10475	-44.0234
21.1073	-5.10203	-44.0181
21.1186	-5.09841	-44.0149
21.1298	-5.09562	-44.0103
21.1411	-5.09195	-44.0078
21.1523	-5.08824	-44.0057
21.1636	-5.08619	-44.0005
21.1748	-5.08241	-43.999
21.1861	-5.07944	-43.9961
21.1973	-5.07558	-43.9952
21.2086	-5.07169	-43.9946
21.2199	-5.06943	-43.991
21.2311	-5.06546	-43.991
21.2424	-5.06145	-43.9912
21.2536	-5.05822	-43.99
21.2649	-5.05412	-43.9908
21.2761	-5.0508	-43.9901
21.2874	-5.04742	-43.9897
21.2986	-5.04319	-43.9911
21.3099	-5.03972	-43.9911
21.3212	-5.03539	-43.9928
21.3324	-5.03182	-43.9931
21.3437	-5.02819	-43.9936
21.3549	-5.02372	-43.9957
21.3662	-5.01999	-43.9964
21.3774	-5.01542	-43.9987
21.3887	-5.01081	-44.0011
21.4	-5.00769	-44.0006
21.4112	-5.00297	-44.0031
21.4225	-4.99898	-44.0041
21.4337	-4.99416	-44.0066
21.445	-4.98929	-44.0091
21.4562	-4.98589	-44.0087
21.4675	-4.98091	-44.0111
21.4787	-4.97589	-44.0134
21.49	-4.97157	-44.0143
21.5012	-4.96645	-44.0164
21.5125	-4.96276	-44.0159
21.5238	-4.95754	-44.0177
21.535	-4.95226	-44.0195
21.5463	-4.94767	-44.0198
21.5575	-4.94229	-44.0212
21.5688	-4.93759	-44.0213
21.58	-4.93283	-44.0211
21.5913	-4.9273	-44.0219
21.6026	-4.92244	-44.0213
21.6138	-4.91681	-44.0216
21.6251	-4.91114	-44.0216
21.6363	-4.90683	-44.0192
21.6476	-4.90106	-44.0187
21.6588	-4.89594	-44.0168
21.6701	-4.89007	-44.0157
21.6813	-4.88416	-44.0143
21.6926	-4.87959	-44.0105
21.7039	-4.87359	-44.0084
21.7151	-4.86755	-44.006
21.7264	-4.86215	-44.0022
21.7376	-4.85603	-43.9991
21.7489	-4.85122	-43.9937
21.7601	-4.84503	-43.9898
21.7714	-4.8388	-43.9855
21.7826	-4.83321	-43.98
21.7939	-4.82692	-43.975
21.8052	-4.82126	-43.9687
21.8164	-4.81557	-43.962
21.8277	-4.8092	-43.9557
21.8389	-4.80346	-43.9483
21.8502	-4.79706	-43.9412
21.8614	-4.79065	-43.9337
21.8727	-4.78548	-43.9244
21.8839	-4.77905	-43.9162
21.8952	-4.77322	-43.9068
21.9065	-4.76677	-43.8978
21.9177	-4.76032	-43.8883
21.929	-4.75508	-43.8771
21.9402	-4.74863	-43.8668
21.9515	-4.7422	-43.8561
21.9627	-4.73637	-43.8444
21.974	-4.72997	-43.8329
21.9852	-4.72476	-43.8199
21.9965	-4.71839	-43.8076
22.0078	-4.71205	-43.795
22.019	-4.70631	-43.7815
22.0303	-4.70003	-43.768
22.0415	-4.69434	-43.7537
22.0528	-4.68869	-43.739
22.064	-4.68252	-43.7243
22.0753	-4.67695	-43.7088
22.0865	-4.67089	-43.6933
22.0978	-4.66489	-43.6774
22.1091	-4.66002	-43.6605
22.1203	-4.65414	-43.6439
22.1316	-4.64885	-43.6265
22.1428	-4.64309	-43.6091
22.1541	-4.6374	-43.5913
22.1653	-4.63283	-43.5726
22.1766	-4.6273	-43.5539
22.1878	-4.62185	-43.5348
22.1991	-4.61701	-43.5151
22.2104	-4.61175	-43.4952
22.2216	-4.60758	-43.4746
22.2329	-4.60252	-43.4539
22.2441	-4.59755	-43.4328
22.2554	-4.59317	-43.4113
22.2666	-4.5884	-43.3895
22.2779	-4.58421	-43.3671
22.2891	-4.58012	-43.3444
22.3004	-4.57566	-43.3213
22.3117	-4.57179	-43.2977
22.3229	-4.56758	-43.2738
22.3342	-4.56348	-43.2495
22.3454	-4.56039	-43.2247
22.3567	-4.55653	-43.1996
22.3679	-4.55322	-43.1742
22.3792	-4.54958	-43.1484
22.3904	-4.54607	-43.1222
22.4017	-4.54351	-43.0956
22.413	-4.54022	-43.0685
22.4242	-4.53705	-43.0411
22.4355	-4.53442	-43.0133
22.4467	-4.5315	-42.9851
22.458	-4.52949	-42.9566
22.4692	-4.5268	-42.9277
22.4805	-4.52424	-42.8984
22.4917	-4.52217	-42.8689
22.503	-4.51984	-42.8391
22.5143	-4.51797	-42.809
22.5255	-4.51622	-42.7786
22.5368	-4.5142	-42.7477
22.548	-4.51265	-42.7167
22.5593	-4.51086	-42.6853
22.5705	-4.50919	-42.6537
22.5818	-4.50829	-42.6221
22.593	-4.50682	-42.5901
22.6043	-4.50578	-42.5581
22.6156	-4.5045	-42.5258
22.6268	-4.50333	-42.4934
22.6381	-4.50286	-42.4612
22.6493	-4.50185	-42.4286
22.6606	-4.50093	-42.3959
22.6718	-4.50041	-42.3634
22.6831	-4.49968	-42.3307
22.6943	-4.49961	-42.2984
22.7056	-4.49904	-42.2659
22.7169	-4.49855	-42.2335
22.7281	-4.49841	-42.2015
22.7394	-4.49807	-42.1695
22.7506	-4.49806	-42.1379
22.7619	-4.49811	-42.1065
22.7731	-4.49796	-42.0752
22.7844	-4.49814	-42.0443
22.7956	-4.49814	-42.0137
22.8069	-4.49822	-41.9834
22.8182	-4.49882	-41.9539
22.8294	-4.49901	-41.9245
22.8407	-4.49949	-41.8958
22.8519	-4.49981	-41.8675
22.8632	-4.50019	-41.8399
22.8744	-4.50103	-41.813
22.8857	-4.50151	-41.7865
22.8969	-4.50206	-41.7605
22.9082	-4.50288	-41.7354
22.9195	-4.50357	-41.7109
22.9307	-4.50469	-41.6874
22.942	-4.50551	-41.6645
22.9532	-4.50639	-41.6424
22.9645	-4.5075	-41.6213
22.9757	-4.5085	-41.601
22.987	-4.50973	-41.5818
22.9982	-4.51101	-41.5634
23.0095	-4.51219	-41.5458
23.0208	-4.5136	-41.5292
23.032	-4.51493	-41.5135
23.0433	-4.51635	-41.4988
23.0545	-4.51811	-41.4853
23.0658	-4.51966	-41.4727
23.077	-4.52142	-41.4613
23.0883	-4.52312	-41.4508
23.0995	-4.52488	-41.4415
23.1108	-4.52695	-41.4333
23.1221	-4.52884	-41.426
23.1333	-4.53081	-41.4197
23.1446	-4.53298	-41.4144
23.1558	-4.53511	-41.4102
23.1671	-4.53754	-41.407
23.1783	-4.53983	-41.4048
23.1896	-4.5422	-41.4037
23.2008	-4.54475	-41.4037
23.2121	-4.54726	-41.4047
23.2234	-4.54994	-41.4066
23.2346	-4.55267	-41.4095
23.2459	-4.55539	-41.4133
23.2571	-4.55827	-41.4179
23.2684	-4.56114	-41.4234
23.2796	-4.56409	-41.4298
23.2909	-4.56726	-41.437
23.3022	-4.57034	-41.4451
23.3134	-4.57356	-41.454
23.3247	-4.57676	-41.4638
23.3359	-4.58001	-41.4744
23.3472	-4.58343	-41.4854
23.3584	-4.58677	-41.4974
23.3697	-4.59015	-41.51
23.3809	-4.59364	-41.523
23.3922	-4.59711	-41.5368
23.4035	-4.60074	-41.5509
23.4147	-4.60427	-41.5659
23.426	-4.60782	-41.5815
23.4372	-4.61144	-41.5975
23.4485	-4.61501	-41.6142
23.4597	-4.61862	-41.6311
23.471	-4.62221	-41.6485
23.4822	-4.62575	-41.6664
23.4935	-4.62931	-41.6844
23.5048	-4.63281	-41.7031
23.516	-4.63629	-41.7221
23.5273	-4.6398	-41.7408
23.5385	-4.64319	-41.7606
23.5498	-4.64656	-41.7803
23.561	-4.64983	-41.8007
23.5723	-4.65302	-41.8213
23.5835	-4.65619	-41.8416
23.5948	-4.65921	-41.8626
23.6061	-4.66214	-41.8839
23.6173	-4.66502	-41.905
23.6286	-4.66777	-41.9266
23.6398	-4.67046	-41.9478
23.6511	-4.673	-41.97
23.6623	-4.67541	-41.9924
23.6736	-4.67771	-42.0148
23.6848	-4.67985	-42.0378
23.6961	-4.68186	-42.0608
23.7074	-4.68372	-42.0839
23.7186	-4.68541	-42.1076
23.7299	-4.68697	-42.1311
23.7411	-4.68837	-42.1554
23.7524	-4.68961	-42.18
23.7636	-4.69071	-42.2042
