1.62381	-0.388904	13.7206
1.63507	-0.399185	13.8816
1.64632	-0.409198	14.0441
1.65758	-0.418942	14.2081
1.66883	-0.428413	14.3733
1.68009	-0.437609	14.5397
1.69135	-0.44653	14.707
1.7026	-0.455153	14.8752
1.71386	-0.463527	15.0439
1.72511	-0.471632	15.2131
1.73637	-0.479477	15.3827
1.74762	-0.487069	15.5525
1.75888	-0.49442	15.7224
1.77014	-0.501537	15.8922
1.78139	-0.508428	16.0618
1.79265	-0.515103	16.2311
1.8039	-0.521574	16.3999
1.81516	-0.527816	16.5682
1.82641	-0.533912	16.7358
1.83767	-0.539836	16.9027
1.84892	-0.545605	17.0687
1.86018	-0.551198	17.2339
1.87144	-0.556706	17.398
1.88269	-0.562109	17.5611
1.89395	-0.567418	17.7231
1.9052	-0.572651	17.8839
1.91646	-0.577821	18.0434
1.92771	-0.582939	18.2017
1.93897	-0.587981	18.3588
1.95023	-0.593045	18.5145
1.96148	-0.598099	18.6688
1.97274	-0.603163	18.8219
1.98399	-0.608247	18.9736
1.99525	-0.613367	19.124
2.0065	-0.61849	19.2731
2.01776	-0.623773	19.4208
2.02901	-0.62903	19.5673
2.04027	-0.634421	19.7125
2.05153	-0.639905	19.8565
2.06278	-0.645496	19.9992
2.07404	-0.651139	20.1408
2.08529	-0.65701	20.2812
2.09655	-0.662895	20.4205
2.1078	-0.669028	20.5588
2.11906	-0.67519	20.6962
2.13032	-0.681615	20.8325
2.14157	-0.688077	20.9681
2.15283	-0.694754	21.1027
2.16408	-0.701527	21.2366
2.17534	-0.708583	21.3697
2.18659	-0.715677	21.5021
2.19785	-0.723053	21.6338
2.2091	-0.730463	21.7651
2.22036	-0.738032	21.8958
2.23162	-0.745895	22.026
2.24287	-0.753787	22.1558
2.25413	-0.761973	22.2852
2.26538	-0.770182	22.4144
2.27664	-0.778612	22.5432
2.28789	-0.787122	22.6718
2.29915	-0.795915	22.8001
2.31041	-0.804706	22.9283
2.32166	-0.813768	23.0563
2.33292	-0.822817	23.1843
2.34417	-0.832131	23.3121
2.35543	-0.841347	23.44
2.36668	-0.850896	23.5678
2.37794	-0.860407	23.6957
2.38919	-0.870168	23.8235
2.40045	-0.879874	23.9514
2.41171	-0.889818	24.0793
2.42296	-0.89969	24.2072
2.43422	-0.909793	24.3352
2.44547	-0.919804	24.4633
2.45673	-0.930035	24.5913
2.46798	-0.940162	24.7196
2.47924	-0.95034	24.8479
2.4905	-0.960727	24.9761
2.50175	-0.970991	25.1045
2.51301	-0.981456	25.2329
2.52426	-0.991784	25.3613
2.53552	-1.00231	25.4897
2.54677	-1.01268	25.6182
2.55803	-1.02307	25.7466
2.56928	-1.03347	25.875
2.58054	-1.04405	26.0033
2.5918	-1.05446	26.1315
2.60305	-1.06507	26.2596
2.61431	-1.07549	26.3877
2.62556	-1.0861	26.5156
2.63682	-1.09653	26.6434
2.64807	-1.10713	26.7709
2.65933	-1.11756	26.8984
2.67059	-1.12816	27.0255
2.68184	-1.13858	27.1525
2.6931	-1.14919	27.2792
2.70435	-1.1596	27.4056
2.71561	-1.17001	27.5318
2.72686	-1.18062	27.6577
2.73812	-1.19104	27.7833
2.74937	-1.20165	27.9085
2.76063	-1.21207	28.0334
2.77189	-1.2227	28.1579
2.78314	-1.23314	28.2822
2.7944	-1.24359	28.4061
2.80565	-1.25405	28.5297
2.81691	-1.26473	28.6528
2.82816	-1.27523	28.7757
2.83942	-1.28595	28.8981
2.85068	-1.2965	29.0203
2.86193	-1.30728	29.142
2.87319	-1.31788	29.2635
2.88444	-1.32872	29.3845
2.8957	-1.33939	29.5054
2.90695	-1.35032	29.6259
2.91821	-1.36106	29.7461
2.92946	-1.37208	29.866
2.94072	-1.38291	29.9857
2.95198	-1.3938	30.1052
2.96323	-1.40497	30.2244
2.97449	-1.41596	30.3434
2.98574	-1.42724	30.4622
2.997	-1.43834	30.5809
3.00825	-1.44951	30.6994
3.01951	-1.46097	30.8178
3.03077	-1.47225	30.9361
3.04202	-1.4836	31.0544
3.05328	-1.49525	31.1725
3.06453	-1.50673	31.2907
3.07579	-1.51852	31.4088
3.08704	-1.53014	31.5269
3.0983	-1.54206	31.6451
3.10955	-1.55381	31.7633
3.12081	-1.56587	31.8815
3.13207	-1.57775	31.9999
3.14332	-1.58995	32.1184
3.15458	-1.60197	32.2371
3.16583	-1.6143	32.3558
3.17709	-1.62644	32.4748
3.18834	-1.63864	32.5939
3.1996	-1.65117	32.7132
3.21086	-1.66349	32.8328
3.22211	-1.67614	32.9526
3.23337	-1.68859	33.0726
3.24462	-1.7011	33.1929
3.25588	-1.71366	33.3135
3.26713	-1.72655	33.4343
3.27839	-1.73921	33.5554
3.28964	-1.75221	33.6767
3.3009	-1.76498	33.7984
3.31216	-1.77807	33.9203
3.32341	-1.79095	34.0426
3.33467	-1.80414	34.1652
3.34592	-1.81711	34.288
3.35718	-1.83041	34.4111
3.36843	-1.84347	34.5346
3.37969	-1.85686	34.6583
3.39095	-1.87	34.7823
3.4022	-1.88348	34.9065
3.41346	-1.89672	35.0311
3.42471	-1.90999	35.1559
3.43597	-1.9236	35.2809
3.44722	-1.93696	35.4063
3.45848	-1.95065	35.5318
3.46973	-1.96409	35.6576
3.48099	-1.97758	35.7835
3.49225	-1.9911	35.9097
3.5035	-2.00497	36.036
3.51476	-2.01858	36.1626
3.52601	-2.03254	36.2892
3.53727	-2.04623	36.4161
3.54852	-2.06028	36.5431
3.55978	-2.07407	36.6702
3.57104	-2.08821	36.7974
3.58229	-2.10209	36.9248
3.59355	-2.11634	37.0522
3.6048	-2.13032	37.1798
3.61606	-2.14467	37.3074
3.62731	-2.15877	37.4351
3.63857	-2.17323	37.5628
3.64982	-2.18743	37.6906
3.66108	-2.20202	37.8183
3.67234	-2.21634	37.9462
3.68359	-2.23072	38.0741
3.69485	-2.2455	38.202
3.7061	-2.26002	38.3299
3.71736	-2.2746	38.4578
3.72861	-2.28926	38.5857
3.73987	-2.30432	38.7136
3.75113	-2.31912	38.8415
3.76238	-2.33434	38.9693
3.77364	-2.34929	39.0971
3.78489	-2.36467	39.2249
3.79615	-2.37978	39.3526
3.8074	-2.39533	39.4803
3.81866	-2.4106	39.608
3.82991	-2.42632	39.7356
3.84117	-2.44178	39.8632
3.85243	-2.45767	39.9907
3.86368	-2.4733	40.1182
3.87494	-2.48938	40.2456
3.88619	-2.50519	40.3729
3.89745	-2.52145	40.5002
3.9087	-2.53743	40.6274
3.91996	-2.55351	40.7546
3.93122	-2.56968	40.8818
3.94247	-2.58595	41.0089
3.95373	-2.60268	41.1359
3.96498	-2.61913	41.2628
3.97624	-2.63606	41.3897
3.98749	-2.65269	41.5165
3.99875	-2.6698	41.6432
4.01	-2.68662	41.7699
4.02126	-2.70353	41.8965
4.03252	-2.72131	42.023
4.04377	-2.7384	42.1494
4.05503	-2.75558	42.2758
4.06628	-2.77286	42.4022
4.07754	-2.79102	42.5284
4.08879	-2.80848	42.6545
4.10005	-2.82603	42.7805
4.11131	-2.84366	42.9064
4.12256	-2.86178	43.0321
4.13382	-2.87998	43.1577
4.14507	-2.89787	43.2833
4.15633	-2.91583	43.4087
4.16758	-2.93388	43.5339
4.17884	-2.95242	43.659
4.19009	-2.97064	43.784
4.20135	-2.98893	43.9087
4.21261	-3.00731	44.0333
4.22386	-3.02659	44.1576
4.23512	-3.04512	44.2818
4.24637	-3.06372	44.4057
4.25763	-3.08239	44.5294
4.26888	-3.10198	44.6528
4.28014	-3.12079	44.776
4.2914	-3.13967	44.899
4.30265	-3.15863	45.0217
4.31391	-3.17853	45.1441
4.32516	-3.19762	45.2662
4.33642	-3.21678	45.3879
4.34767	-3.23601	45.5094
4.35893	-3.25575	45.6305
4.37018	-3.2751	45.7512
4.38144	-3.29497	45.8716
4.3927	-3.31446	45.9916
4.40395	-3.334	46.1113
4.41521	-3.35406	46.2306
4.42646	-3.37374	46.3495
4.43772	-3.39348	46.468
4.44897	-3.41328	46.586
4.46023	-3.43407	46.7036
4.47149	-3.454	46.8208
4.48274	-3.47399	46.9375
4.494	-3.49404	47.0537
4.50525	-3.5151	47.1695
4.51651	-3.53527	47.2848
4.52776	-3.55551	47.3997
4.53902	-3.5758	47.514
4.55027	-3.59713	47.6279
4.56153	-3.61756	47.7413
4.57279	-3.63805	47.8541
4.58404	-3.6586	47.9664
4.5953	-3.6797	48.0782
4.60655	-3.70038	48.1895
4.61781	-3.72112	48.3003
4.62906	-3.74191	48.4105
4.64032	-3.76327	48.5202
4.65158	-3.78469	48.6294
4.66283	-3.80567	48.7381
4.67409	-3.82672	48.8463
4.68534	-3.84784	48.9539
4.6966	-3.87003	49.061
4.70785	-3.89127	49.1675
4.71911	-3.91309	49.2736
4.73037	-3.93393	49.3791
4.74162	-3.95587	49.484
4.75288	-3.97787	49.5885
4.76413	-3.99888	49.6925
4.77539	-4.02101	49.7961
4.78664	-4.04321	49.8991
4.7979	-4.06547	50.0017
4.80915	-4.08674	50.1037
4.82041	-4.10912	50.2052
4.83167	-4.13158	50.3063
4.84292	-4.15409	50.4069
4.85418	-4.17558	50.5071
4.86543	-4.19822	50.6068
4.87669	-4.21982	50.706
4.88794	-4.24367	50.8049
4.8992	-4.2654	50.9033
4.91046	-4.28829	51.0013
4.92171	-4.31012	51.0989
4.93297	-4.33313	51.196
4.94422	-4.3562	51.2928
4.95548	-4.37932	51.3891
4.96673	-4.40137	51.4851
4.97799	-4.42461	51.5807
4.98924	-4.4479	51.6759
5.0005	-4.47011	51.7707
5.01176	-4.49351	51.8653
5.02301	-4.51697	51.9595
5.03427	-4.54049	52.0534
5.04552	-4.56291	52.147
5.05678	-4.58654	52.2402
5.06803	-4.61022	52.3331
5.07929	-4.63395	52.4257
5.09055	-4.65655	52.5181
5.1018	-4.68038	52.6101
5.11306	-4.70307	52.702
5.12431	-4.72819	52.7936
5.13557	-4.75098	52.8849
5.14682	-4.77501	52.9761
5.15808	-4.79789	53.067
5.16933	-4.82202	53.1576
5.18059	-4.8462	53.2481
5.19185	-4.87043	53.3384
5.2031	-4.89348	53.4285
5.21436	-4.9178	53.5184
5.22561	-4.94216	53.6081
5.23687	-4.96533	53.6977
5.24812	-4.98978	53.7871
5.25938	-5.01429	53.8764
5.27064	-5.03885	53.9656
5.28189	-5.06219	54.0547
5.29315	-5.08683	54.1436
5.3044	-5.11153	54.2324
5.31566	-5.13626	54.3211
5.32691	-5.15976	54.4096
5.33817	-5.18458	54.4981
5.34942	-5.20814	54.5866
5.36068	-5.23435	54.6749
5.37194	-5.258	54.7633
5.38319	-5.28299	54.8515
5.39445	-5.30672	54.9398
5.4057	-5.33181	55.0279
5.41696	-5.35694	55.116
5.42821	-5.38078	55.2041
5.43947	-5.40599	55.2921
5.45073	-5.43124	55.3801
5.46198	-5.45653	55.4681
5.47324	-5.48052	55.5561
5.48449	-5.5059	55.6441
5.49575	-5.53133	55.7321
5.507	-5.5568	55.8201
5.51826	-5.58095	55.9081
5.52951	-5.60651	55.9961
5.54077	-5.63212	56.0841
5.55203	-5.65777	56.1721
5.56328	-5.68207	56.2602
5.57454	-5.70781	56.3483
5.58579	-5.73218	56.4364
5.59705	-5.75943	56.5245
5.6083	-5.7839	56.6128
5.61956	-5.80983	56.701
5.63082	-5.83439	56.7893
5.64207	-5.86042	56.8775
5.65333	-5.8865	56.9658
5.66458	-5.91119	57.0541
5.67584	-5.93737	57.1424
5.68709	-5.9636	57.2307
5.69835	-5.98989	57.319
5.7096	-6.01475	57.4075
5.72086	-6.04115	57.4958
5.73212	-6.06761	57.5843
5.74337	-6.09413	57.6727
5.75463	-6.11921	57.7612
5.76588	-6.14584	57.8496
5.77714	-6.17254	57.938
5.78839	-6.19929	58.0264
5.79965	-6.22459	58.1148
5.81091	-6.25147	58.2032
5.82216	-6.27841	58.2916
5.83342	-6.30543	58.38
5.84467	-6.33097	58.4684
5.85593	-6.35812	58.5568
5.86718	-6.3838	58.6452
5.87844	-6.4111	58.7334
5.88969	-6.43847	58.8217
5.90095	-6.46436	58.9099
5.91221	-6.49188	58.998
5.92346	-6.51949	59.086
5.93472	-6.54718	59.1741
5.94597	-6.57335	59.2621
5.95723	-6.60121	59.35
5.96848	-6.62916	59.4379
5.97974	-6.6572	59.5257
5.991	-6.68372	59.6134
6.00225	-6.71195	59.701
6.01351	-6.74027	59.7885
6.02476	-6.7687	59.8759
6.03602	-6.79557	59.9632
6.04727	-6.82418	60.0503
6.05853	-6.85291	60.1374
6.06978	-6.88173	60.2244
6.08104	-6.90899	60.3113
6.0923	-6.93803	60.398
6.10355	-6.9655	60.4846
6.11481	-6.99476	60.571
6.12606	-7.02414	60.6574
6.13732	-7.05192	60.7435
6.14857	-7.08153	60.8295
6.15983	-7.11125	60.9153
6.17109	-7.1411	61.001
6.18234	-7.16932	61.0866
6.1936	-7.1994	61.172
6.20485	-7.22961	61.2572
6.21611	-7.25995	61.3422
6.22736	-7.28865	61.4272
6.23862	-7.31924	61.5118
6.24987	-7.34996	61.5963
6.26113	-7.38082	61.6806
6.27239	-7.41	61.7647
6.28364	-7.44111	61.8486
6.2949	-7.47236	61.9324
6.30615	-7.50374	62.0159
6.31741	-7.53343	62.0992
6.32866	-7.56509	62.1824
6.33992	-7.59503	62.2653
6.35118	-7.62696	62.348
6.36243	-7.65903	62.4304
6.37369	-7.68937	62.5126
6.38494	-7.72172	62.5945
6.3962	-7.7542	62.6762
6.40745	-7.78683	62.7576
6.41871	-7.8177	62.8388
6.42997	-7.85061	62.9197
6.44122	-7.88367	63.0004
6.45248	-7.91687	63.0807
6.46373	-7.94828	63.1608
6.47499	-7.98177	63.2405
6.48624	-8.0154	63.3199
6.4975	-8.04917	63.399
6.50875	-8.08111	63.4778
6.52001	-8.11516	63.5562
6.53127	-8.14936	63.6343
6.54252	-8.18171	63.7121
6.55378	-8.21619	63.7895
6.56503	-8.25082	63.8665
6.57629	-8.28357	63.9432
6.58754	-8.31848	64.0195
6.5988	-8.35354	64.0953
6.61005	-8.38669	64.1708
6.62131	-8.42203	64.2457
6.63257	-8.45751	64.3203
6.64382	-8.49314	64.3944
6.65508	-8.52682	64.4682
6.66633	-8.56273	64.5414
6.67759	-8.59878	64.6142
6.68884	-8.63499	64.6864
6.7001	-8.66921	64.7584
6.71136	-8.70571	64.8296
6.72261	-8.74234	64.9003
6.73387	-8.77912	64.9705
6.74512	-8.81388	65.0402
6.75638	-8.85093	65.1093
6.76763	-8.88814	65.1778
6.77889	-8.92329	65.2459
6.79014	-8.96078	65.3132
6.8014	-8.9962	65.3802
6.81266	-9.03398	65.4464
6.82391	-9.0719	65.5119
6.83517	-9.10997	65.5768
6.84642	-9.14594	65.6412
6.85768	-9.18429	65.7047
6.86893	-9.22278	65.7676
6.88019	-9.26142	65.8298
6.89145	-9.29791	65.8915
6.9027	-9.33683	65.9523
6.91396	-9.37591	66.0125
6.92521	-9.41514	66.0719
6.93647	-9.45217	66.1309
6.94772	-9.49169	66.1888
6.95898	-9.53136	66.246
6.97023	-9.57117	66.3025
6.98149	-9.60875	66.3584
6.99275	-9.64884	66.4133
7.004	-9.68908	66.4674
7.01526	-9.72706	66.5212
7.02651	-9.7676	66.5738
7.03777	-9.80585	66.626
7.04902	-9.84669	66.6771
7.06028	-9.88769	66.7273
7.07154	-9.92884	66.7766
7.08279	-9.96765	66.8256
7.09405	-10.0091	66.8733
7.1053	-10.0507	66.9202
7.11656	-10.0924	66.9663
7.12781	-10.1318	67.012
7.13907	-10.1739	67.0565
7.15032	-10.2161	67.1001
7.16158	-10.2585	67.1428
7.17284	-10.2985	67.1852
7.18409	-10.3412	67.2262
7.19535	-10.384	67.2663
7.2066	-10.4271	67.3055
7.21786	-10.4676	67.3444
7.22911	-10.5109	67.3819
7.24037	-10.5544	67.4185
7.25163	-10.5954	67.455
7.26288	-10.6393	67.4899
7.27414	-10.6806	67.5246
7.28539	-10.7247	67.5578
7.29665	-10.7691	67.59
7.3079	-10.8136	67.6214
7.31916	-10.8555	67.6526
7.33042	-10.9004	67.6822
7.34167	-10.9454	67.7109
7.35293	-10.9906	67.7389
7.36418	-11.0331	67.7668
7.37544	-11.0787	67.7931
7.38669	-11.1245	67.8185
7.39795	-11.1704	67.843
7.4092	-11.2137	67.8675
7.42046	-11.26	67.8903
7.43172	-11.3065	67.9122
7.44297	-11.3532	67.9332
7.45423	-11.3972	67.9544
7.46548	-11.4442	67.9739
7.47674	-11.4915	67.9925
7.48799	-11.536	68.0115
7.49925	-11.5837	68.0285
7.51051	-11.6286	68.0459
7.52176	-11.6768	68.0613
7.53302	-11.7251	68.0759
7.54427	-11.7737	68.0897
7.55553	-11.8194	68.1039
7.56678	-11.8683	68.1162
7.57804	-11.9176	68.1278
7.58929	-11.967	68.1385
7.60055	-12.0135	68.15
7.61181	-12.0634	68.1594
7.62306	-12.1136	68.1681
7.63432	-12.164	68.176
7.64557	-12.2114	68.1848
7.65683	-12.2623	68.1913
7.66808	-12.3134	68.1971
7.67934	-12.3648	68.2023
7.6906	-12.4132	68.2085
7.70185	-12.4651	68.2125
7.71311	-12.5172	68.2159
7.72436	-12.5663	68.2205
7.73562	-12.619	68.2227
7.74687	-12.6686	68.2262
7.75813	-12.7219	68.2273
7.76938	-12.7754	68.2278
7.78064	-12.8292	68.2278
7.7919	-12.8799	68.2292
7.80315	-12.9343	68.2282
7.81441	-12.989	68.2266
7.82566	-13.044	68.2246
7.83692	-13.0958	68.2243
7.84817	-13.1514	68.2215
7.85943	-13.2074	68.2181
7.87069	-13.2636	68.2142
7.88194	-13.3166	68.2123
7.8932	-13.3735	68.2076
7.90445	-13.4308	68.2024
7.91571	-13.4847	68.1993
7.92696	-13.5426	68.1934
7.93822	-13.6008	68.187
7.94947	-13.6595	68.1802
7.96073	-13.7146	68.1758
7.97199	-13.774	68.1683
7.98324	-13.8298	68.1632
7.9945	-13.8899	68.1548
8.00575	-13.9503	68.1461
8.01701	-14.0072	68.14
8.02826	-14.0683	68.1305
8.03952	-14.1339	68.1174
8.05078	-14.1879	68.1134
8.06203	-14.2543	68.0995
8.07329	-14.3171	68.0884
8.08454	-14.3762	68.0801
8.0958	-14.4398	68.0682
8.10705	-14.4997	68.0592
8.11831	-14.5641	68.0462
8.12956	-14.629	68.0328
8.14082	-14.6901	68.0226
8.15208	-14.7559	68.0082
8.16333	-14.8265	67.9894
8.17459	-14.8846	67.9817
8.18584	-14.9561	67.9616
8.1971	-15.0194	67.9489
8.20835	-15.0876	67.9315
8.21961	-15.1563	67.9135
8.23087	-15.221	67.8989
8.24212	-15.2907	67.8795
8.25338	-15.3563	67.8636
8.26463	-15.4271	67.8426
8.27589	-15.503	67.8159
8.28714	-15.5656	67.8026
8.2984	-15.6427	67.774
8.30965	-15.7157	67.7492
8.32091	-15.7846	67.7283
8.33217	-15.8588	67.7014
8.34342	-15.9288	67.6786
8.35468	-16.0043	67.6495
8.36593	-16.0804	67.619
8.37719	-16.1522	67.5929
8.38844	-16.2296	67.5598
8.3997	-16.3128	67.5195
8.41096	-16.3814	67.4952
8.42221	-16.4661	67.4518
8.43347	-16.536	67.4249
8.44472	-16.6222	67.378
8.45598	-16.704	67.3356
8.46723	-16.7812	67.2977
8.47849	-16.8645	67.2516
8.48975	-16.9433	67.2103
8.501	-17.0282	67.1602
8.51226	-17.1196	67.1008
8.52351	-17.1952	67.0607
8.53477	-17.2884	66.9965
8.54602	-17.3769	66.9373
8.55728	-17.4607	66.8833
8.56853	-17.5511	66.8191
8.57979	-17.6366	66.7603
8.59105	-17.729	66.6906
8.6023	-17.8224	66.6181
8.61356	-17.9108	66.551
8.62481	-18.0062	66.4723
8.63607	-18.109	66.3812
8.64732	-18.1943	66.3141
8.65858	-18.2994	66.2158
8.66984	-18.3867	66.1426
8.68109	-18.4942	66.0366
8.69235	-18.5966	65.9363
8.7036	-18.6938	65.8422
8.71486	-18.7987	65.7336
8.72611	-18.8982	65.6315
8.73737	-19.0057	65.514
8.74862	-19.1214	65.3799
8.75988	-19.2178	65.2759
8.77114	-19.3364	65.1313
8.78239	-19.4496	64.9931
8.79365	-19.557	64.862
8.8049	-19.6731	64.7125
8.81616	-19.7834	64.5705
8.82741	-19.9026	64.4087
8.83867	-20.0234	64.2402
8.84993	-20.1382	64.0793
8.86118	-20.2623	63.8967
8.87244	-20.3959	63.6908
8.88369	-20.5077	63.5245
8.89495	-20.645	63.3017
8.9062	-20.7599	63.1209
8.91746	-20.901	62.8798
8.92871	-21.0359	62.6464
8.93997	-21.1643	62.4217
8.95123	-21.3031	62.1681
8.96248	-21.4352	61.9237
8.97374	-21.5779	61.6482
8.98499	-21.7316	61.339
8.99625	-21.8606	61.0825
9.0075	-22.0188	60.7464
9.01876	-22.1702	60.4187
9.03001	-22.3144	60.101
9.04127	-22.4702	59.7439
9.05253	-22.6186	59.3969
9.06378	-22.7789	59.0072
9.07504	-22.9417	58.599
9.08629	-23.0967	58.2017
9.09755	-23.2642	57.7554
9.1088	-23.4446	57.2554
9.12006	-23.596	56.8317
9.13132	-23.7815	56.2846
9.14257	-23.9371	55.8192
9.15383	-24.1279	55.2194
9.16508	-24.3102	54.6283
9.17634	-24.4837	54.0491
9.18759	-24.6709	53.399
9.19885	-24.8489	52.7611
9.2101	-25.0408	52.0454
9.22136	-25.247	51.2433
9.23262	-25.4193	50.5531
9.24387	-25.6301	49.6693
9.25513	-25.8307	48.7935
9.26638	-26.0207	47.9316
9.27764	-26.2248	46.9645
9.28889	-26.4176	46.0118
9.30015	-26.6243	44.943
9.31141	-26.8318	43.8174
9.32266	-27.0269	42.7078
9.33392	-27.2352	41.4644
9.34517	-27.4562	40.0722
9.35643	-27.6371	38.8665
9.36768	-27.8558	37.3315
9.37894	-28.0335	36.0027
9.39019	-28.247	34.3141
9.40145	-28.444	32.6438
9.41271	-28.6117	31.1144
9.42396	-28.8228	29.0623
9.43522	-28.9794	27.3908
9.44647	-29.152	25.4072
9.45773	-29.3156	23.3437
9.46898	-29.4688	21.202
9.48024	-29.6103	18.9855
9.4915	-29.739	16.6987
9.50275	-29.838	14.6442
9.51401	-29.939	12.2423
9.52526	-30.0238	9.78971
9.53652	-30.0913	7.29555
9.54777	-30.141	4.76988
9.55903	-30.1722	2.2239
9.57028	-30.1846	-0.331428
9.58154	-30.1782	-2.88398
9.5928	-30.1543	-5.09832
9.60405	-30.1133	-7.61412
9.61531	-30.0546	-10.0954
9.62656	-29.9791	-12.5324
9.63782	-29.8877	-14.9166
9.64907	-29.7926	-16.9387
9.66033	-29.6619	-19.4969
9.67159	-29.5443	-21.3959
9.68284	-29.4027	-23.5137
9.6941	-29.2514	-25.5537
9.70535	-29.0914	-27.514
9.71661	-28.9241	-29.3939
9.72786	-28.7505	-31.1936
9.73912	-28.5919	-32.6809
9.75037	-28.4095	-34.3322
9.76163	-28.2237	-35.9072
9.77289	-28.0351	-37.4079
9.78414	-27.8448	-38.8371
9.7954	-27.6755	-40.0066
9.80665	-27.461	-41.492
9.81791	-27.2687	-42.7233
9.82916	-27.0993	-43.7256
9.84042	-26.908	-44.8461
9.85168	-26.7176	-45.9116
9.86293	-26.5286	-46.9253
9.87419	-26.3411	-47.8896
9.88544	-26.1776	-48.6691
9.8967	-25.9714	-49.6807
9.90795	-25.8115	-50.385
9.91921	-25.6317	-51.1822
9.93046	-25.454	-51.9418
9.94172	-25.2787	-52.666
9.95298	-25.1057	-53.3567
9.96423	-24.9352	-54.0157
9.97549	-24.7878	-54.5425
9.98674	-24.6219	-55.1469
9.998	-24.4585	-55.7243
10.0093	-24.2975	-56.2765
10.0205	-24.1389	-56.8047
10.0318	-24.0024	-57.2237
10.043	-23.829	-57.7941
10.0543	-23.6776	-58.2576
10.0655	-23.5476	-58.6236
10.0768	-23.4006	-59.0521
10.088	-23.256	-59.4631
10.0993	-23.1136	-59.8576
10.1106	-22.9734	-60.2365
10.1218	-22.8532	-60.5332
10.1331	-22.6994	-60.9506
10.1443	-22.5656	-61.2874
10.1556	-22.4511	-61.5498
10.1668	-22.3211	-61.8636
10.1781	-22.1931	-62.1659
10.1893	-22.067	-62.4572
10.2006	-21.9427	-62.7382
10.2119	-21.8366	-62.9552
10.2231	-21.7159	-63.2182
10.2344	-21.5969	-63.4723
10.2456	-21.4797	-63.7182
10.2569	-21.3641	-63.9558
10.2681	-21.2655	-64.138
10.2794	-21.1378	-64.4084
10.2906	-21.027	-64.624
10.3019	-20.9326	-64.7886
10.3132	-20.8247	-64.9922
10.3244	-20.7183	-65.1898
10.3357	-20.6133	-65.3817
10.3469	-20.5097	-65.568
10.3582	-20.4215	-65.7096
10.3694	-20.3065	-65.9255
10.3807	-20.2068	-66.0972
10.3919	-20.1221	-66.2271
10.4032	-20.0248	-66.3907
10.4145	-19.9287	-66.5502
10.4257	-19.8338	-66.7056
10.437	-19.74	-66.8574
10.4482	-19.6604	-66.9722
10.4595	-19.5687	-67.1177
10.4707	-19.4781	-67.26
10.482	-19.3885	-67.3993
10.4932	-19.3	-67.5357
10.5045	-19.2248	-67.6389
10.5158	-19.1258	-67.8001
10.527	-19.0402	-67.9284
10.5383	-18.9675	-68.0259
10.5495	-18.8836	-68.1499
10.5608	-18.8005	-68.2717
10.572	-18.7183	-68.3915
10.5833	-18.637	-68.5092
10.5945	-18.568	-68.5991
10.6058	-18.4768	-68.7391
10.6171	-18.3978	-68.8513
10.6283	-18.3309	-68.9374
10.6396	-18.2534	-69.0468
10.6508	-18.1766	-69.1547
10.6621	-18.1005	-69.2611
10.6733	-18.0251	-69.3659
10.6846	-17.9612	-69.447
10.6958	-17.8871	-69.5496
10.7071	-17.8137	-69.6511
10.7184	-17.7409	-69.7512
10.7296	-17.6687	-69.8503
10.7409	-17.6075	-69.9276
10.7521	-17.5261	-70.0447
10.7634	-17.4557	-70.1404
10.7746	-17.396	-70.2157
10.7859	-17.3266	-70.3095
10.7971	-17.2578	-70.4024
10.8084	-17.1895	-70.4942
10.8197	-17.1217	-70.5851
10.8309	-17.0643	-70.6575
10.8422	-16.9878	-70.7643
10.8534	-16.9215	-70.8525
10.8647	-16.8653	-70.9229
10.8759	-16.7999	-71.0096
10.8872	-16.735	-71.0954
10.8984	-16.6705	-71.1802
10.9097	-16.6065	-71.2642
10.921	-16.5521	-71.3319
10.9322	-16.4889	-71.4144
10.9435	-16.4261	-71.4961
10.9547	-16.3636	-71.5768
10.966	-16.3016	-71.6567
10.9772	-16.2489	-71.7218
10.9885	-16.1788	-71.8138
10.9997	-16.1179	-71.891
11.011	-16.0662	-71.9541
11.0223	-16.006	-72.0297
11.0335	-15.9462	-72.1044
11.0448	-15.8867	-72.1782
11.056	-15.8276	-72.2511
11.0673	-15.7773	-72.3111
11.0785	-15.7104	-72.3942
11.0898	-15.6523	-72.4643
11.1011	-15.6027	-72.5221
11.1123	-15.5452	-72.5905
11.1236	-15.488	-72.6579
11.1348	-15.4311	-72.7244
11.1461	-15.3745	-72.7898
11.1573	-15.3262	-72.8439
11.1686	-15.2701	-72.9075
11.1798	-15.2144	-72.9702
11.1911	-15.1589	-73.0318
11.2024	-15.1037	-73.0924
11.2136	-15.0566	-73.1425
11.2249	-14.9942	-73.2104
11.2361	-14.9398	-73.2678
11.2474	-14.8934	-73.3152
11.2586	-14.8395	-73.3706
11.2699	-14.786	-73.4249
11.2811	-14.7327	-73.4782
11.2924	-14.6796	-73.5303
11.3037	-14.6342	-73.5732
11.3149	-14.5744	-73.6313
11.3262	-14.5221	-73.68
11.3374	-14.4774	-73.7201
11.3487	-14.4256	-73.7668
11.3599	-14.3741	-73.8123
11.3712	-14.3229	-73.8567
11.3824	-14.2719	-73.8999
11.3937	-14.2282	-73.9352
11.405	-14.1777	-73.9763
11.4162	-14.1275	-74.0163
11.4275	-14.0775	-74.0551
11.4387	-14.0277	-74.0927
11.45	-13.9851	-74.123
11.4612	-13.9291	-74.1645
11.4725	-13.8801	-74.1987
11.4837	-13.8381	-74.2258
11.495	-13.7897	-74.2577
11.5063	-13.7415	-74.2885
11.5175	-13.6936	-74.3181
11.5288	-13.6459	-74.3465
11.54	-13.605	-74.3685
11.5513	-13.5514	-74.3999
11.5625	-13.5045	-74.4249
11.5738	-13.4643	-74.4437
11.585	-13.418	-74.4663
11.5963	-13.3719	-74.4878
11.6076	-13.3261	-74.5082
11.6188	-13.2805	-74.5274
11.6301	-13.2415	-74.541
11.6413	-13.1965	-74.5579
11.6526	-13.1518	-74.5738
11.6638	-13.1073	-74.5884
11.6751	-13.0631	-74.602
11.6863	-13.0253	-74.6102
11.6976	-12.9757	-74.6255
11.7089	-12.9324	-74.6355
11.7201	-12.8953	-74.6407
11.7314	-12.8525	-74.6486
11.7426	-12.8101	-74.6553
11.7539	-12.7679	-74.661
11.7651	-12.726	-74.6655
11.7764	-12.6902	-74.6655
11.7876	-12.6431	-74.6713
11.7989	-12.6021	-74.6725
11.8102	-12.5671	-74.6694
11.8214	-12.5267	-74.6685
11.8327	-12.4866	-74.6665
11.8439	-12.4468	-74.6635
11.8552	-12.4072	-74.6594
11.8664	-12.3736	-74.6514
11.8777	-12.3346	-74.6453
11.8889	-12.296	-74.6382
11.9002	-12.2576	-74.63
11.9115	-12.2196	-74.6209
11.9227	-12.1873	-74.6081
11.934	-12.1444	-74.5996
11.9452	-12.1073	-74.5874
11.9565	-12.0758	-74.5719
11.9677	-12.0392	-74.5579
11.979	-12.003	-74.543
11.9902	-11.9671	-74.5271
12.0015	-11.9314	-74.5104
12.0128	-11.9013	-74.4904
12.024	-11.8662	-74.4719
12.0353	-11.8263	-74.4547
12.0465	-11.797	-74.4323
12.0578	-11.7629	-74.4113
12.069	-11.729	-74.3894
12.0803	-11.6955	-74.3667
12.0915	-11.6622	-74.3433
12.1028	-11.6343	-74.3171
12.1141	-11.6016	-74.2921
12.1253	-11.5692	-74.2665
12.1366	-11.5371	-74.2401
12.1478	-11.5053	-74.213
12.1591	-11.4788	-74.1834
12.1703	-11.4426	-74.1568
12.1816	-11.4117	-74.1278
12.1928	-11.3859	-74.0964
12.2041	-11.3556	-74.0662
12.2154	-11.3255	-74.0355
12.2266	-11.2957	-74.0041
12.2379	-11.2662	-73.9722
12.2491	-11.2417	-73.9382
12.2604	-11.2127	-73.9054
12.2716	-11.1793	-73.8736
12.2829	-11.1556	-73.8382
12.2941	-11.1275	-73.804
12.3054	-11.0997	-73.7694
12.3167	-11.0721	-73.7344
12.3279	-11.0448	-73.699
12.3392	-11.0223	-73.6619
12.3504	-10.9955	-73.6259
12.3617	-10.969	-73.5895
12.3729	-10.9427	-73.5529
12.3842	-10.9167	-73.516
12.3954	-10.8955	-73.4774
12.4067	-10.8655	-73.4414
12.418	-10.8403	-73.4037
12.4292	-10.8198	-73.3646
12.4405	-10.7951	-73.3266
12.4517	-10.7706	-73.2885
12.463	-10.7464	-73.2502
12.4742	-10.7224	-73.2118
12.4855	-10.7031	-73.1721
12.4967	-10.6796	-73.1335
12.508	-10.652	-73.0961
12.5193	-10.6333	-73.0561
12.5305	-10.6105	-73.0173
12.5418	-10.5879	-72.9786
12.553	-10.5656	-72.9397
12.5643	-10.5435	-72.901
12.5755	-10.5259	-72.861
12.5868	-10.5042	-72.8222
12.598	-10.4828	-72.7836
12.6093	-10.4616	-72.7449
12.6206	-10.4405	-72.7063
12.6318	-10.4239	-72.6667
12.6431	-10.3991	-72.6294
12.6543	-10.3787	-72.5911
12.6656	-10.3627	-72.5518
12.6768	-10.3427	-72.5138
12.6881	-10.3229	-72.4758
12.6993	-10.3033	-72.4381
12.7106	-10.2839	-72.4005
12.7219	-10.2687	-72.362
12.7331	-10.2497	-72.3248
12.7444	-10.2267	-72.2888
12.7556	-10.2121	-72.2506
12.7669	-10.1935	-72.2136
12.7781	-10.1792	-72.1758
12.7894	-10.1569	-72.1402
12.8006	-10.1389	-72.1039
12.8119	-10.125	-72.0667
12.8232	-10.1072	-72.0309
12.8344	-10.0896	-71.9954
12.8457	-10.0722	-71.9601
12.8569	-10.0549	-71.925
12.8682	-10.0416	-71.8893
12.8794	-10.0207	-71.8559
12.8907	-10.0038	-71.8218
12.902	-9.99089	-71.787
12.9132	-9.97423	-71.7535
12.9245	-9.9577	-71.7204
12.9357	-9.94127	-71.6876
12.947	-9.92497	-71.6551
12.9582	-9.91261	-71.6221
12.9695	-9.89651	-71.5904
12.9807	-9.87669	-71.56
12.992	-9.86462	-71.5281
13.0033	-9.84882	-71.4975
13.0145	-9.8369	-71.4664
13.0258	-9.8175	-71.4376
13.037	-9.80197	-71.4083
13.0483	-9.79029	-71.3784
13.0595	-9.77491	-71.3499
13.0708	-9.75961	-71.3218
13.082	-9.74439	-71.2942
13.0933	-9.72925	-71.267
13.1046	-9.71788	-71.2394
13.1158	-9.69917	-71.214
13.1271	-9.68423	-71.1882
13.1383	-9.67303	-71.1619
13.1496	-9.65821	-71.1371
13.1608	-9.64345	-71.1127
13.1721	-9.62874	-71.0889
13.1833	-9.61409	-71.0654
13.1946	-9.60312	-71.0416
13.2059	-9.58856	-71.0192
13.2171	-9.57045	-70.9981
13.2284	-9.5596	-70.9758
13.2396	-9.5452	-70.9548
13.2509	-9.53443	-70.9335
13.2621	-9.51654	-70.9144
13.2734	-9.50228	-70.8949
13.2846	-9.49161	-70.8751
13.2959	-9.47743	-70.8566
13.3072	-9.46328	-70.8386
13.3184	-9.44918	-70.8211
13.3297	-9.43512	-70.8041
13.3409	-9.42462	-70.7867
13.3522	-9.40713	-70.7714
13.3634	-9.39319	-70.7558
13.3747	-9.38279	-70.7399
13.3859	-9.36893	-70.7251
13.3972	-9.35511	-70.7109
13.4085	-9.34133	-70.697
13.4197	-9.32759	-70.6836
13.431	-9.31734	-70.67
13.4422	-9.30367	-70.6574
13.4535	-9.2866	-70.6458
13.4647	-9.27645	-70.6333
13.476	-9.2629	-70.6219
13.4872	-9.2528	-70.6101
13.4985	-9.23593	-70.6
13.5098	-9.22251	-70.5896
13.521	-9.21251	-70.5789
13.5323	-9.19916	-70.5691
13.5435	-9.18586	-70.5596
13.5548	-9.17259	-70.5504
13.566	-9.15937	-70.5414
13.5773	-9.14953	-70.5321
13.5885	-9.13304	-70.5242
13.5998	-9.11995	-70.5159
13.6111	-9.11022	-70.5072
13.6223	-9.0972	-70.4993
13.6336	-9.08423	-70.4916
13.6448	-9.07129	-70.484
13.6561	-9.0584	-70.4765
13.6673	-9.04884	-70.4688
13.6786	-9.03603	-70.4615
13.6898	-9.01998	-70.4549
13.7011	-9.01053	-70.4474
13.7124	-8.99784	-70.4404
13.7236	-8.98844	-70.433
13.7349	-8.97259	-70.4265
13.7461	-8.96003	-70.4195
13.7574	-8.95074	-70.4123
13.7686	-8.93826	-70.4054
13.7799	-8.92582	-70.3985
13.7911	-8.91341	-70.3916
13.8024	-8.90105	-70.3846
13.8137	-8.89191	-70.3773
13.8249	-8.87643	-70.3705
13.8362	-8.86418	-70.3633
13.8474	-8.85514	-70.3558
13.8587	-8.84297	-70.3485
13.8699	-8.83083	-70.341
13.8812	-8.81873	-70.3335
13.8924	-8.80667	-70.3259
13.9037	-8.79779	-70.3179
13.915	-8.78579	-70.3101
13.9262	-8.77071	-70.3024
13.9375	-8.76191	-70.2941
13.9487	-8.75002	-70.2858
13.96	-8.74128	-70.2773
13.9712	-8.72636	-70.269
13.9825	-8.71459	-70.2604
13.9937	-8.70594	-70.2514
14.005	-8.69423	-70.2425
14.0163	-8.68256	-70.2335
14.0275	-8.67093	-70.2244
14.0388	-8.65933	-70.2151
14.05	-8.65083	-70.2055
14.0613	-8.63625	-70.1961
14.0725	-8.62477	-70.1864
14.0838	-8.61636	-70.1764
14.095	-8.60495	-70.1665
14.1063	-8.59358	-70.1564
14.1176	-8.58226	-70.1462
14.1288	-8.57097	-70.1359
14.1401	-8.56273	-70.1254
14.1513	-8.55152	-70.1149
14.1626	-8.53737	-70.1044
14.1738	-8.52924	-70.0936
14.1851	-8.51817	-70.0827
14.1963	-8.51011	-70.0717
14.2076	-8.49616	-70.0607
14.2189	-8.48522	-70.0496
14.2301	-8.47729	-70.0383
14.2414	-8.46646	-70.027
14.2526	-8.45567	-70.0156
14.2639	-8.44494	-70.0041
14.2751	-8.43427	-69.9925
14.2864	-8.42657	-69.9809
14.2976	-8.41308	-69.9692
14.3089	-8.40257	-69.9574
14.3202	-8.39501	-69.9455
14.3314	-8.38461	-69.9336
14.3427	-8.37428	-69.9215
14.3539	-8.364	-69.9094
14.3652	-8.35378	-69.8972
14.3764	-8.34651	-69.8849
14.3877	-8.33642	-69.8725
14.3989	-8.32353	-69.86
14.4102	-8.31643	-69.8476
14.4215	-8.30653	-69.835
14.4327	-8.29955	-69.8223
14.444	-8.28694	-69.8095
14.4552	-8.27725	-69.7966
14.4665	-8.27045	-69.7836
14.4777	-8.26089	-69.7705
14.489	-8.2514	-69.7573
14.5002	-8.24198	-69.744
14.5115	-8.23264	-69.7305
14.5228	-8.22616	-69.7171
14.534	-8.21415	-69.7034
14.5453	-8.205	-69.6896
14.5565	-8.19871	-69.6758
14.5678	-8.1897	-69.6617
14.579	-8.18076	-69.6475
14.5903	-8.17188	-69.6331
14.6016	-8.16308	-69.6186
14.6128	-8.1571	-69.6041
14.6241	-8.14842	-69.5893
14.6353	-8.13707	-69.5742
14.6466	-8.13128	-69.5592
14.6578	-8.1228	-69.544
14.6691	-8.11711	-69.5287
14.6803	-8.10602	-69.5129
14.6916	-8.09772	-69.4971
14.7029	-8.09219	-69.4813
14.7141	-8.08401	-69.4651
14.7254	-8.07589	-69.4487
14.7366	-8.06782	-69.4322
14.7479	-8.05982	-69.4154
14.7591	-8.05456	-69.3987
14.7704	-8.04665	-69.3817
14.7816	-8.03612	-69.3643
14.7929	-8.03098	-69.347
14.8042	-8.02322	-69.3294
14.8154	-8.0155	-69.3116
14.8267	-8.00783	-69.2936
14.8379	-8.00021	-69.2754
14.8492	-7.99528	-69.2572
14.8604	-7.98774	-69.2386
14.8717	-7.97761	-69.2198
14.8829	-7.97279	-69.2011
14.8942	-7.96537	-69.1821
14.9055	-7.96061	-69.1632
14.9167	-7.95063	-69.1437
14.928	-7.94331	-69.1242
14.9392	-7.93864	-69.1047
14.9505	-7.93139	-69.0848
14.9617	-7.92416	-69.0649
14.973	-7.91698	-69.0447
14.9842	-7.90983	-69.0245
14.9955	-7.9053	-69.0043
15.0068	-7.8982	-68.9839
15.018	-7.88856	-68.9631
15.0293	-7.88409	-68.9426
15.0405	-7.87707	-68.9218
15.0518	-7.87008	-68.9008
15.063	-7.86312	-68.8798
15.0743	-7.85618	-68.8586
15.0855	-7.85183	-68.8374
15.0968	-7.84495	-68.816
15.1081	-7.83557	-68.7944
15.1193	-7.83129	-68.773
15.1306	-7.8245	-68.7513
15.1418	-7.82025	-68.7298
15.1531	-7.81098	-68.7078
15.1643	-7.80427	-68.6859
15.1756	-7.80009	-68.664
15.1868	-7.79343	-68.6419
15.1981	-7.7868	-68.6197
15.2094	-7.7802	-68.5974
15.2206	-7.77364	-68.575
15.2319	-7.7696	-68.5527
15.2431	-7.76309	-68.5302
15.2544	-7.75414	-68.5075
15.2656	-7.75017	-68.4849
15.2769	-7.74375	-68.4621
15.2881	-7.73736	-68.4392
15.2994	-7.73101	-68.4162
15.3107	-7.7247	-68.393
15.3219	-7.72087	-68.3699
15.3332	-7.71462	-68.3465
15.3444	-7.70597	-68.3229
15.3557	-7.70224	-68.2994
15.3669	-7.6961	-68.2757
15.3782	-7.69241	-68.252
15.3894	-7.68391	-68.228
15.4007	-7.67787	-68.2039
15.412	-7.67428	-68.1797
15.4232	-7.66831	-68.1553
15.4345	-7.66238	-68.1307
15.4457	-7.65648	-68.1059
15.457	-7.65062	-68.081
15.4682	-7.6472	-68.056
15.4795	-7.64141	-68.0308
15.4907	-7.63327	-68.0054
15.502	-7.62993	-67.9799
15.5133	-7.62424	-67.9542
15.5245	-7.62095	-67.9284
15.5358	-7.61296	-67.9022
15.547	-7.60738	-67.8759
15.5583	-7.60418	-67.8494
15.5695	-7.59866	-67.8228
15.5808	-7.59082	-67.7959
15.592	-7.58772	-67.7689
15.6033	-7.58229	-67.7417
15.6146	-7.57923	-67.7144
15.6258	-7.57153	-67.6869
15.6371	-7.56618	-67.6592
15.6483	-7.56319	-67.6313
15.6596	-7.55789	-67.6032
15.6708	-7.55263	-67.575
15.6821	-7.5474	-67.5466
15.6933	-7.54219	-67.518
15.7046	-7.53931	-67.4894
15.7159	-7.53415	-67.4606
15.7271	-7.52672	-67.4317
15.7384	-7.5239	-67.4027
15.7496	-7.5188	-67.3735
15.7609	-7.51601	-67.3442
15.7721	-7.50868	-67.3149
15.7834	-7.50366	-67.2855
15.7946	-7.50092	-67.2559
15.8059	-7.49593	-67.2263
15.8172	-7.48872	-67.1968
15.8284	-7.48604	-67.1671
15.8397	-7.48112	-67.1375
15.8509	-7.47847	-67.1077
15.8622	-7.47135	-67.0782
15.8734	-7.4665	-67.0486
15.8847	-7.4639	-67.0188
15.8959	-7.45909	-66.9893
15.9072	-7.4543	-66.9597
15.9185	-7.44954	-66.9303
15.9297	-7.44481	-66.9009
15.941	-7.44231	-66.8715
15.9522	-7.43762	-66.8424
15.9635	-7.43077	-66.8135
15.9747	-7.42833	-66.7844
15.986	-7.42373	-66.7557
15.9972	-7.42134	-66.7269
16.0085	-7.41242	-66.6988
16.0198	-7.41227	-66.6701
16.031	-7.40779	-66.642
16.0423	-7.40334	-66.6141
16.0535	-7.39677	-66.5866
16.0648	-7.39239	-66.5592
16.076	-7.39237	-66.5315
16.0873	-7.38806	-66.5044
16.0985	-7.38164	-66.4778
16.1098	-7.37741	-66.4513
16.1211	-7.37323	-66.4249
16.1323	-7.37336	-66.3983
16.1436	-7.36712	-66.3727
16.1548	-7.36306	-66.347
16.1661	-7.35905	-66.3216
16.1773	-7.35509	-66.2965
16.1886	-7.35328	-66.2714
16.1999	-7.34941	-66.2468
16.2111	-7.34557	-66.2225
16.2224	-7.34178	-66.1983
16.2336	-7.33805	-66.1745
16.2449	-7.33226	-66.1511
16.2561	-7.33281	-66.1271
16.2674	-7.32922	-66.1039
16.2786	-7.32568	-66.0809
16.2899	-7.3201	-66.0585
16.3011	-7.31665	-66.036
16.3124	-7.31741	-66.0131
16.3237	-7.31405	-65.9911
16.3349	-7.30866	-65.9695
16.3462	-7.30539	-65.9478
16.3574	-7.30217	-65.9263
16.3687	-7.3031	-65.9042
16.3799	-7.2979	-65.8833
16.3912	-7.29481	-65.8623
16.4025	-7.29174	-65.8414
16.4137	-7.28872	-65.8207
16.425	-7.28777	-65.7998
16.4362	-7.2848	-65.7793
16.4475	-7.28187	-65.759
16.4587	-7.27896	-65.7387
16.47	-7.27608	-65.7185
16.4812	-7.27322	-65.6984
16.4925	-7.27241	-65.678
16.5038	-7.26959	-65.6581
16.515	-7.26679	-65.6383
16.5263	-7.26199	-65.6189
16.5375	-7.25922	-65.5992
16.5488	-7.26046	-65.5787
16.56	-7.25769	-65.5591
16.5713	-7.25292	-65.5399
16.5825	-7.25014	-65.5204
16.5938	-7.24737	-65.5008
16.6051	-7.24856	-65.4804
16.6163	-7.24378	-65.4613
16.6276	-7.24097	-65.4418
16.6388	-7.23815	-65.4224
16.6501	-7.23531	-65.403
16.6613	-7.23442	-65.3831
16.6726	-7.23152	-65.3637
16.6838	-7.2286	-65.3443
16.6951	-7.22564	-65.3249
16.7064	-7.22264	-65.3055
16.7176	-7.21961	-65.2862
16.7289	-7.21849	-65.2663
16.7401	-7.21538	-65.2469
16.7514	-7.21222	-65.2275
16.7626	-7.20708	-65.2087
16.7739	-7.20382	-65.1894
16.7851	-7.20439	-65.1691
16.7964	-7.20103	-65.1498
16.8077	-7.19567	-65.1311
16.8189	-7.1922	-65.1118
16.8302	-7.18866	-65.0926
16.8414	-7.1889	-65.0722
16.8527	-7.18333	-65.0536
16.8639	-7.1796	-65.0343
16.8752	-7.17582	-65.0151
16.8864	-7.17198	-64.996
16.8977	-7.16997	-64.9763
16.909	-7.16598	-64.9572
16.9202	-7.16193	-64.9382
16.9315	-7.15781	-64.9191
16.9427	-7.15363	-64.9
16.954	-7.14937	-64.881
16.9652	-7.14694	-64.8614
16.9765	-7.14255	-64.8423
16.9877	-7.1381	-64.8233
16.999	-7.13358	-64.8042
17.0103	-7.12714	-64.7857
17.0215	-7.12622	-64.7655
17.0328	-7.12151	-64.7465
17.044	-7.11488	-64.728
17.0553	-7.11005	-64.7089
17.0665	-7.10515	-64.6896
17.0778	-7.10388	-64.6692
17.089	-7.09703	-64.6505
17.1003	-7.09196	-64.6311
17.1116	-7.08684	-64.6115
17.1228	-7.08166	-64.592
17.1341	-7.07826	-64.5717
17.1453	-7.07298	-64.5519
17.1566	-7.06765	-64.5319
17.1678	-7.06227	-64.5118
17.1791	-7.05685	-64.4915
17.1903	-7.05138	-64.471
17.2016	-7.04767	-64.4496
17.2129	-7.04212	-64.4287
17.2241	-7.03653	-64.4075
17.2354	-7.0309	-64.386
17.2466	-7.02346	-64.3648
17.2579	-7.02133	-64.3417
17.2691	-7.0156	-64.3193
17.2804	-7.00806	-64.2972
17.2916	-7.00228	-64.2742
17.3029	-6.99646	-64.2508
17.3142	-6.99414	-64.2258
17.3254	-6.98651	-64.2021
17.3367	-6.98062	-64.1775
17.3479	-6.9747	-64.1524
17.3592	-6.96877	-64.1268
17.3704	-6.96457	-64.1001
17.3817	-6.9586	-64.0736
17.3929	-6.95261	-64.0465
17.4042	-6.9466	-64.0189
17.4155	-6.94058	-63.9907
17.4267	-6.93454	-63.962
17.438	-6.93021	-63.9321
17.4492	-6.92414	-63.9022
17.4605	-6.91807	-63.8716
17.4717	-6.91199	-63.8404
17.483	-6.90419	-63.8092
17.4942	-6.90149	-63.7756
17.5055	-6.89538	-63.7425
17.5168	-6.88757	-63.7094
17.528	-6.88145	-63.6749
17.5393	-6.87532	-63.6398
17.5505	-6.87253	-63.6028
17.5618	-6.86471	-63.5669
17.573	-6.85857	-63.5296
17.5843	-6.85242	-63.4916
17.5955	-6.84628	-63.453
17.6068	-6.84178	-63.4131
17.6181	-6.83563	-63.373
17.6293	-6.82947	-63.3322
17.6406	-6.82332	-63.2907
17.6518	-6.81716	-63.2486
17.6631	-6.81101	-63.2056
17.6743	-6.80648	-63.1614
17.6856	-6.80034	-63.1171
17.6968	-6.79419	-63.0721
17.7081	-6.78806	-63.0264
17.7194	-6.78033	-62.9807
17.7306	-6.77742	-62.9324
17.7419	-6.77131	-62.8848
17.7531	-6.7652	-62.8364
17.7644	-6.75753	-62.7881
17.7756	-6.75145	-62.7385
17.7869	-6.74854	-62.6871
17.7981	-6.74092	-62.6369
17.8094	-6.73489	-62.5856
17.8207	-6.72888	-62.5336
17.8319	-6.72289	-62.4811
17.8432	-6.71847	-62.4274
17.8544	-6.71253	-62.3739
17.8657	-6.7066	-62.3198
17.8769	-6.70071	-62.2653
17.8882	-6.69484	-62.2103
17.8994	-6.68901	-62.1548
17.9107	-6.68473	-62.0982
17.922	-6.67895	-62.0419
17.9332	-6.67322	-61.9851
17.9445	-6.66753	-61.928
17.9557	-6.66037	-61.8711
17.967	-6.65776	-61.8119
17.9782	-6.65219	-61.7538
17.9895	-6.64667	-61.6953
18.0007	-6.63972	-61.6372
18.012	-6.6343	-61.5781
18.0233	-6.63188	-61.5174
18.0345	-6.62509	-61.4585
18.0458	-6.61984	-61.3987
18.057	-6.61465	-61.3387
18.0683	-6.60952	-61.2785
18.0795	-6.60589	-61.2174
18.0908	-6.60089	-61.1569
18.1021	-6.59595	-61.0963
18.1133	-6.59108	-61.0355
18.1246	-6.58628	-60.9747
18.1358	-6.58156	-60.9137
18.1471	-6.57832	-60.8519
18.1583	-6.57374	-60.7908
18.1696	-6.56924	-60.7297
18.1808	-6.56482	-60.6685
18.1921	-6.55909	-60.6082
18.2034	-6.55761	-60.5454
18.2146	-6.55344	-60.4843
18.2259	-6.54934	-60.4232
18.2371	-6.54396	-60.363
18.2484	-6.54004	-60.302
18.2596	-6.53893	-60.2394
18.2709	-6.53382	-60.1794
18.2821	-6.53016	-60.1187
18.2934	-6.52659	-60.0581
18.3047	-6.5231	-59.9976
18.3159	-6.52105	-59.9364
18.3272	-6.51774	-59.8763
18.3384	-6.51453	-59.8162
18.3497	-6.5114	-59.7564
18.3609	-6.50836	-59.6968
18.3722	-6.50541	-59.6373
18.3834	-6.50386	-59.5772
18.3947	-6.50108	-59.5182
18.406	-6.49839	-59.4594
18.4172	-6.49579	-59.4009
18.4285	-6.49198	-59.3436
18.4397	-6.49213	-59.2838
18.451	-6.48978	-59.2261
18.4622	-6.48752	-59.1687
18.4735	-6.48406	-59.1126
18.4847	-6.48196	-59.0559
18.496	-6.48247	-58.9975
18.5073	-6.48052	-58.9414
18.5185	-6.47739	-58.8867
18.5298	-6.47559	-58.8313
18.541	-6.47387	-58.7763
18.5523	-6.47347	-58.7207
18.5635	-6.47188	-58.6665
18.5748	-6.47037	-58.6128
18.586	-6.46892	-58.5594
18.5973	-6.46753	-58.5065
18.6086	-6.46621	-58.4539
18.6198	-6.46616	-58.4008
18.6311	-6.46495	-58.3492
18.6423	-6.46379	-58.2981
18.6536	-6.46269	-58.2475
18.6648	-6.46042	-58.1984
18.6761	-6.46182	-58.1465
18.6873	-6.46086	-58.0974
18.6986	-6.45994	-58.0487
18.7099	-6.45787	-58.0017
18.7211	-6.45703	-57.9542
18.7324	-6.45859	-57.9048
18.7436	-6.45781	-57.8583
18.7549	-6.45588	-57.8135
18.7661	-6.45517	-57.7681
18.7774	-6.45448	-57.7233
18.7886	-6.45381	-57.6791
18.7999	-6.45432	-57.6342
18.8112	-6.45368	-57.5911
18.8224	-6.45191	-57.5499
18.8337	-6.45246	-57.5068
18.8449	-6.45071	-57.4667
18.8562	-6.45355	-57.4223
18.8674	-6.45182	-57.3835
18.8787	-6.45009	-57.3452
18.8899	-6.45064	-57.3051
18.9012	-6.44892	-57.2681
18.9125	-6.44945	-57.2292
18.9237	-6.44996	-57.1909
18.935	-6.44822	-57.1558
18.9462	-6.4487	-57.1187
18.9575	-6.44694	-57.0848
18.9687	-6.44738	-57.049
18.98	-6.4478	-57.0137
18.9912	-6.44598	-56.9817
19.0025	-6.44634	-56.9477
19.0138	-6.44447	-56.9169
19.025	-6.44259	-56.8867
19.0363	-6.44502	-56.8518
19.0475	-6.44307	-56.8228
19.0588	-6.44108	-56.7944
19.07	-6.44122	-56.764
19.0813	-6.43916	-56.7368
19.0925	-6.44135	-56.7047
19.1038	-6.4392	-56.6786
19.1151	-6.43701	-56.6532
19.1263	-6.4369	-56.6255
19.1376	-6.43462	-56.6011
19.1488	-6.4344	-56.5745
19.1601	-6.43413	-56.5484
19.1713	-6.43168	-56.5256
19.1826	-6.43129	-56.5006
19.1938	-6.42874	-56.4788
19.2051	-6.42821	-56.4547
19.2164	-6.42762	-56.431
19.2276	-6.42489	-56.4107
19.2389	-6.42416	-56.388
19.2501	-6.4213	-56.3685
19.2614	-6.41839	-56.3494
19.2726	-6.4195	-56.3252
19.2839	-6.41644	-56.307
19.2951	-6.41332	-56.2892
19.3064	-6.41216	-56.2689
19.3177	-6.4089	-56.2518
19.3289	-6.40961	-56.2294
19.3402	-6.40621	-56.213
19.3514	-6.40274	-56.1969
19.3627	-6.4012	-56.1783
19.3739	-6.39758	-56.1628
19.3852	-6.39588	-56.1448
19.3964	-6.39411	-56.1271
19.4077	-6.39027	-56.1124
19.419	-6.38833	-56.0951
19.4302	-6.38435	-56.0808
19.4415	-6.38225	-56.0639
19.4527	-6.38008	-56.0473
19.464	-6.37587	-56.0335
19.4752	-6.37354	-56.0172
19.4865	-6.36919	-56.0038
19.4977	-6.36477	-55.9905
19.509	-6.36414	-55.9718
19.5203	-6.35957	-55.9587
19.5315	-6.35493	-55.9457
19.5428	-6.35214	-55.93
19.554	-6.34736	-55.917
19.5653	-6.34632	-55.8986
19.5765	-6.3414	-55.8858
19.5878	-6.33643	-55.8729
19.599	-6.33327	-55.8573
19.6103	-6.32816	-55.8445
19.6216	-6.32486	-55.8288
19.6328	-6.32149	-55.8131
19.6441	-6.3162	-55.8001
19.6553	-6.3127	-55.7843
19.6666	-6.30728	-55.7711
19.6778	-6.30366	-55.7551
19.6891	-6.29997	-55.7389
19.7003	-6.29439	-55.7254
19.7116	-6.29059	-55.7091
19.7229	-6.28491	-55.6952
19.7341	-6.27918	-55.6813
19.7454	-6.27701	-55.6619
19.7566	-6.27118	-55.6475
19.7679	-6.26532	-55.633
19.7791	-6.26119	-55.6157
19.7904	-6.25524	-55.6008
19.8017	-6.25281	-55.5805
19.8129	-6.24678	-55.5651
19.8242	-6.24072	-55.5496
19.8354	-6.23638	-55.5313
19.8467	-6.23026	-55.5153
19.8579	-6.22584	-55.4965
19.8692	-6.2214	-55.4775
19.8804	-6.21518	-55.4607
19.8917	-6.21067	-55.4412
19.903	-6.20442	-55.4239
19.9142	-6.19986	-55.4039
19.9255	-6.19527	-55.3836
19.9367	-6.18896	-55.3656
19.948	-6.18434	-55.3448
19.9592	-6.178	-55.3262
19.9705	-6.17166	-55.3074
19.9817	-6.16867	-55.2835
19.993	-6.16231	-55.2641
20.0043	-6.15595	-55.2445
20.0155	-6.15125	-55.2222
20.0268	-6.14489	-55.2021
20.038	-6.14183	-55.1769
20.0493	-6.13547	-55.1563
20.0605	-6.12913	-55.1353
20.0718	-6.12443	-55.1119
20.083	-6.11811	-55.0905
20.0943	-6.11341	-55.0666
20.1056	-6.10872	-55.0425
20.1168	-6.10244	-55.0204
20.1281	-6.09777	-54.9959
20.1393	-6.09154	-54.9734
20.1506	-6.0869	-54.9484
20.1618	-6.08228	-54.9233
20.1731	-6.07612	-54.9002
20.1843	-6.07155	-54.8747
20.1956	-6.06544	-54.8513
20.2069	-6.05937	-54.8277
20.2181	-6.05641	-54.7995
20.2294	-6.0504	-54.7756
20.2406	-6.04595	-54.7494
20.2519	-6.04002	-54.7252
20.2631	-6.03412	-54.7009
20.2744	-6.03129	-54.6721
20.2856	-6.02547	-54.6475
20.2969	-6.01971	-54.6229
20.3082	-6.01548	-54.596
20.3194	-6.0098	-54.5712
20.3307	-6.00565	-54.5442
20.3419	-6.00154	-54.5171
20.3532	-5.996	-54.4921
20.3644	-5.99197	-54.4649
20.3757	-5.98653	-54.4398
20.3869	-5.9826	-54.4126
20.3982	-5.9787	-54.3853
20.4095	-5.97342	-54.3602
20.4207	-5.96962	-54.3329
20.432	-5.96446	-54.3077
20.4432	-5.95934	-54.2826
20.4545	-5.95709	-54.2534
20.4657	-5.95207	-54.2283
20.477	-5.94851	-54.2013
20.4882	-5.9436	-54.1763
20.4995	-5.93875	-54.1513
20.5108	-5.9367	-54.1225
20.522	-5.93196	-54.0977
20.5333	-5.92726	-54.073
20.5445	-5.92398	-54.0464
20.5558	-5.91939	-54.0219
20.567	-5.91619	-53.9956
20.5783	-5.91303	-53.9694
20.5895	-5.90858	-53.9453
20.6008	-5.9055	-53.9194
20.6121	-5.90115	-53.8955
20.6233	-5.89815	-53.8699
20.6346	-5.89518	-53.8445
20.6458	-5.89095	-53.8211
20.6571	-5.88806	-53.7961
20.6683	-5.8839	-53.7731
20.6796	-5.87979	-53.7503
20.6908	-5.87826	-53.724
20.7021	-5.87421	-53.7017
20.7134	-5.87146	-53.6777
20.7246	-5.86747	-53.6558
20.7359	-5.86352	-53.6342
20.7471	-5.86208	-53.609
20.7584	-5.85817	-53.5879
20.7696	-5.85428	-53.5671
20.7809	-5.85164	-53.5447
20.7921	-5.84779	-53.5244
20.8034	-5.84517	-53.5026
20.8147	-5.84256	-53.4811
20.8259	-5.83874	-53.4618
20.8372	-5.83614	-53.4409
20.8484	-5.83235	-53.4222
20.8597	-5.82974	-53.4021
20.8709	-5.82713	-53.3823
20.8822	-5.82334	-53.3647
20.8934	-5.82071	-53.3456
20.9047	-5.81691	-53.3287
20.916	-5.8131	-53.3122
20.9272	-5.8116	-53.2925
20.9385	-5.80777	-53.2768
20.9497	-5.80507	-53.2597
20.961	-5.80121	-53.2447
20.9722	-5.79733	-53.2302
20.9835	-5.7957	-53.2126
20.9947	-5.79179	-53.1989
21.006	-5.78785	-53.1856
21.0173	-5.785	-53.1711
21.0285	-5.78101	-53.1586
21.0398	-5.7781	-53.1449
21.051	-5.77516	-53.1316
21.0623	-5.77108	-53.1205
21.0735	-5.76807	-53.1081
21.0848	-5.76393	-53.0978
21.096	-5.76084	-53.0863
21.1073	-5.75771	-53.0752
21.1186	-5.75347	-53.0662
21.1298	-5.75026	-53.0559
21.1411	-5.74594	-53.0478
21.1523	-5.74159	-53.04
21.1636	-5.73931	-53.0294
21.1748	-5.73487	-53.0225
21.1861	-5.73144	-53.0144
21.1973	-5.72692	-53.0082
21.2086	-5.72236	-53.0025
21.2199	-5.71982	-52.9939
21.2311	-5.71518	-52.9889
21.2424	-5.71049	-52.9842
21.2536	-5.70678	-52.9783
21.2649	-5.702	-52.9743
21.2761	-5.69819	-52.969
21.2874	-5.69433	-52.9641
21.2986	-5.68942	-52.961
21.3099	-5.68545	-52.9566
21.3212	-5.68045	-52.954
21.3324	-5.67638	-52.9502
21.3437	-5.67227	-52.9466
21.3549	-5.66712	-52.9446
21.3662	-5.6629	-52.9414
21.3774	-5.65766	-52.9397
21.3887	-5.65238	-52.9382
21.4	-5.64897	-52.934
21.4112	-5.64359	-52.9328
21.4225	-5.63911	-52.9302
21.4337	-5.63364	-52.9291
21.445	-5.62812	-52.9279
21.4562	-5.62443	-52.9242
21.4675	-5.61881	-52.9231
21.4787	-5.61315	-52.9219
21.49	-5.60837	-52.9195
21.5012	-5.60261	-52.9182
21.5125	-5.59865	-52.9144
21.5238	-5.5928	-52.913
21.535	-5.58691	-52.9114
21.5463	-5.58187	-52.9085
21.5575	-5.57588	-52.9067
21.5688	-5.57074	-52.9034
21.58	-5.56555	-52.9
21.5913	-5.55941	-52.8976
21.6026	-5.55411	-52.8937
21.6138	-5.54788	-52.8908
21.6251	-5.54161	-52.8875
21.6363	-5.53704	-52.8819
21.6476	-5.53067	-52.8781
21.6588	-5.52512	-52.8729
21.6701	-5.51865	-52.8685
21.6813	-5.51214	-52.8638
21.6926	-5.50729	-52.8566
21.7039	-5.50068	-52.8511
21.7151	-5.49404	-52.8453
21.7264	-5.48819	-52.8381
21.7376	-5.48146	-52.8314
21.7489	-5.47635	-52.8225
21.7601	-5.46953	-52.8151
21.7714	-5.46268	-52.8073
21.7826	-5.4566	-52.7981
21.7939	-5.44968	-52.7895
21.8052	-5.44352	-52.7795
21.8164	-5.43732	-52.7692
21.8277	-5.43029	-52.7592
21.8389	-5.42403	-52.748
21.8502	-5.41694	-52.7372
21.8614	-5.40984	-52.7259
21.8727	-5.40426	-52.7128
21.8839	-5.39711	-52.7007
21.8952	-5.39071	-52.6876
21.9065	-5.38352	-52.6747
21.9177	-5.37632	-52.6614
21.929	-5.37061	-52.6464
21.9402	-5.3634	-52.6323
21.9515	-5.35617	-52.6177
21.9627	-5.3497	-52.6022
21.974	-5.34249	-52.5869
21.9852	-5.33674	-52.5701
21.9965	-5.32954	-52.5541
22.0078	-5.32235	-52.5378
22.019	-5.3159	-52.5205
22.0303	-5.30875	-52.5034
22.0415	-5.30232	-52.4855
22.0528	-5.29591	-52.4673
22.064	-5.28885	-52.4491
22.0753	-5.28251	-52.4301
22.0865	-5.27553	-52.4112
22.0978	-5.2686	-52.392
22.1091	-5.26306	-52.3718
22.1203	-5.25624	-52.352
22.1316	-5.25013	-52.3315
22.1428	-5.24342	-52.3111
22.1541	-5.23678	-52.2903
22.1653	-5.23149	-52.2687
22.1766	-5.22499	-52.2472
22.1878	-5.21858	-52.2254
22.1991	-5.21289	-52.2031
22.2104	-5.20667	-52.1806
22.2216	-5.20177	-52.1576
22.2329	-5.19573	-52.1346
22.2441	-5.1898	-52.1113
22.2554	-5.18458	-52.0876
22.2666	-5.17885	-52.0636
22.2779	-5.17382	-52.0393
22.2891	-5.1689	-52.0147
22.3004	-5.16351	-51.9897
22.3117	-5.15882	-51.9644
22.3229	-5.15369	-51.9389
22.3342	-5.14868	-51.913
22.3454	-5.14491	-51.8867
22.3567	-5.14016	-51.8602
22.3679	-5.13608	-51.8334
22.3792	-5.13159	-51.8063
22.3904	-5.12723	-51.7788
22.4017	-5.12405	-51.7511
22.413	-5.11994	-51.7229
22.4242	-5.11598	-51.6944
22.4355	-5.11266	-51.6655
22.4467	-5.10898	-51.6363
22.458	-5.10643	-51.6068
22.4692	-5.10301	-51.5769
22.4805	-5.09974	-51.5467
22.4917	-5.09708	-51.5163
22.503	-5.09407	-51.4855
22.5143	-5.09166	-51.4544
22.5255	-5.08936	-51.423
22.5368	-5.08672	-51.3912
22.548	-5.08468	-51.3592
22.5593	-5.08231	-51.3267
22.5705	-5.08007	-51.294
22.5818	-5.07883	-51.2613
22.593	-5.07683	-51.2281
22.6043	-5.07537	-51.1949
22.6156	-5.07361	-51.1613
22.6268	-5.07195	-51.1276
22.6381	-5.07121	-51.0939
22.6493	-5.06976	-51.0599
22.6606	-5.06841	-51.0256
22.6718	-5.06756	-50.9914
22.6831	-5.06642	-50.957
22.6943	-5.06614	-50.9228
22.7056	-5.06519	-50.8884
22.7169	-5.06433	-50.854
22.7281	-5.06391	-50.8198
22.7394	-5.06322	-50.7856
22.7506	-5.06294	-50.7517
22.7619	-5.06273	-50.7179
22.7731	-5.06224	-50.6841
22.7844	-5.06217	-50.6506
22.7956	-5.06184	-50.6172
22.8069	-5.06159	-50.5842
22.8182	-5.06202	-50.5517
22.8294	-5.06189	-50.5194
22.8407	-5.06212	-50.4876
22.8519	-5.0621	-50.4563
22.8632	-5.06215	-50.4254
22.8744	-5.06281	-50.3952
22.8857	-5.06295	-50.3653
22.8969	-5.06315	-50.336
22.9082	-5.06369	-50.3074
22.9195	-5.06402	-50.2793
22.9307	-5.06493	-50.2522
22.942	-5.06537	-50.2257
22.9532	-5.06586	-50.2
22.9645	-5.06666	-50.1752
22.9757	-5.06726	-50.1512
22.987	-5.06815	-50.1282
22.9982	-5.06909	-50.106
23.0095	-5.06985	-50.0847
23.0208	-5.07089	-50.0644
23.032	-5.07178	-50.045
23.0433	-5.07275	-50.0267
23.0545	-5.07419	-50.0094
23.0658	-5.07528	-49.9932
23.077	-5.07663	-49.9782
23.0883	-5.07784	-49.9642
23.0995	-5.07912	-49.9514
23.1108	-5.08082	-49.9396
23.1221	-5.08222	-49.929
23.1333	-5.08369	-49.9194
23.1446	-5.0854	-49.9108
23.1558	-5.08703	-49.9034
23.1671	-5.08906	-49.897
23.1783	-5.09084	-49.8918
23.1896	-5.09269	-49.8877
23.2008	-5.09478	-49.8847
23.2121	-5.09678	-49.8829
23.2234	-5.099	-49.8821
23.2346	-5.10128	-49.8823
23.2459	-5.10348	-49.8835
23.2571	-5.10591	-49.8856
23.2684	-5.10828	-49.8887
23.2796	-5.11073	-49.8927
23.2909	-5.11352	-49.8974
23.3022	-5.11611	-49.9033
23.3134	-5.11891	-49.9099
23.3247	-5.12164	-49.9176
23.3359	-5.12443	-49.9262
23.3472	-5.1275	-49.9351
23.3584	-5.13039	-49.9451
23.3697	-5.13334	-49.9557
23.3809	-5.13646	-49.9667
23.3922	-5.13951	-49.9786
23.4035	-5.14282	-49.9906
23.4147	-5.14596	-50.0037
23.426	-5.14913	-50.0174
23.4372	-5.15241	-50.0313
23.4485	-5.15562	-50.0461
23.4597	-5.15891	-50.0609
23.471	-5.1622	-50.0762
23.4822	-5.16538	-50.0921
23.4935	-5.16865	-50.1079
23.5048	-5.17182	-50.1244
23.516	-5.17497	-50.1412
23.5273	-5.17824	-50.1575
23.5385	-5.1813	-50.1748
23.5498	-5.18439	-50.192
23.561	-5.18733	-50.2098
23.5723	-5.19019	-50.2279
23.5835	-5.19311	-50.2452
23.5948	-5.19579	-50.2634
23.6061	-5.19838	-50.2817
23.6173	-5.20094	-50.2996
23.6286	-5.20333	-50.3181
23.6398	-5.20573	-50.3358
23.6511	-5.20787	-50.3545
23.6623	-5.20988	-50.3735
23.6736	-5.2118	-50.3921
23.6848	-5.2135	-50.4115
23.6961	-5.21508	-50.4305
23.7074	-5.21648	-50.4496
23.7186	-5.21766	-50.4693
23.7299	-5.21872	-50.4886
23.7411	-5.21955	-50.5087
23.7524	-5.2202	-50.529
23.7636	-5.22073	-50.5486
