1.62381	-0.394589	13.6425
1.63507	-0.404885	13.805
1.64632	-0.414895	13.9691
1.65758	-0.424619	14.1345
1.66883	-0.434057	14.3012
1.68009	-0.443201	14.4689
1.69135	-0.45206	14.6375
1.7026	-0.460599	14.8068
1.71386	-0.46888	14.9767
1.72511	-0.476878	15.147
1.73637	-0.484602	15.3175
1.74762	-0.492064	15.4882
1.75888	-0.49927	15.6588
1.77014	-0.506234	15.8293
1.78139	-0.512962	15.9995
1.79265	-0.519468	16.1692
1.8039	-0.525759	16.3384
1.81516	-0.531814	16.507
1.82641	-0.537716	16.6748
1.83767	-0.543446	16.8417
1.84892	-0.549016	17.0077
1.86018	-0.554403	17.1727
1.87144	-0.559704	17.3366
1.88269	-0.564897	17.4994
1.89395	-0.569997	17.6609
1.9052	-0.575019	17.8212
1.91646	-0.579979	17.9801
1.92771	-0.584889	18.1378
1.93897	-0.589724	18.294
1.95023	-0.594582	18.4489
1.96148	-0.599435	18.6023
1.97274	-0.604298	18.7544
1.98399	-0.609186	18.905
1.99525	-0.614116	19.0543
2.0065	-0.619051	19.2022
2.01776	-0.624151	19.3487
2.02901	-0.629227	19.494
2.04027	-0.634441	19.6379
2.05153	-0.639756	19.7805
2.06278	-0.645178	19.9219
2.07404	-0.65066	20.0621
2.08529	-0.656373	20.201
2.09655	-0.662106	20.339
2.1078	-0.668089	20.4758
2.11906	-0.674105	20.6117
2.13032	-0.680388	20.7467
2.14157	-0.68671	20.8807
2.15283	-0.693248	21.0139
2.16408	-0.699886	21.1464
2.17534	-0.706809	21.278
2.18659	-0.713769	21.4091
2.19785	-0.721013	21.5394
2.2091	-0.728293	21.6693
2.22036	-0.735729	21.7987
2.23162	-0.743457	21.9276
2.24287	-0.751215	22.0561
2.25413	-0.759262	22.1843
2.26538	-0.767331	22.3122
2.27664	-0.775614	22.4398
2.28789	-0.783975	22.5673
2.29915	-0.792614	22.6944
2.31041	-0.801247	22.8215
2.32166	-0.810145	22.9484
2.33292	-0.819022	23.0753
2.34417	-0.828158	23.2021
2.35543	-0.837188	23.329
2.36668	-0.846544	23.4558
2.37794	-0.855854	23.5827
2.38919	-0.865404	23.7096
2.40045	-0.87489	23.8365
2.41171	-0.884606	23.9635
2.42296	-0.89424	24.0905
2.43422	-0.904093	24.2176
2.44547	-0.913847	24.3447
2.45673	-0.923808	24.4719
2.46798	-0.933658	24.5992
2.47924	-0.943546	24.7266
2.4905	-0.953634	24.854
2.50175	-0.963587	24.9814
2.51301	-0.973733	25.1088
2.52426	-0.98373	25.2363
2.53552	-0.993911	25.3637
2.54677	-1.00394	25.4911
2.55803	-1.01397	25.6184
2.56928	-1.024	25.7457
2.58054	-1.03421	25.8729
2.5918	-1.04424	26
2.60305	-1.05444	26.1269
2.61431	-1.06447	26.2537
2.62556	-1.07467	26.3803
2.63682	-1.08469	26.5067
2.64807	-1.09488	26.6329
2.65933	-1.10488	26.7589
2.67059	-1.11505	26.8845
2.68184	-1.12504	27.01
2.6931	-1.13521	27.1351
2.70435	-1.14518	27.2599
2.71561	-1.15516	27.3844
2.72686	-1.16532	27.5085
2.73812	-1.1753	27.6323
2.74937	-1.18547	27.7556
2.76063	-1.19545	27.8787
2.77189	-1.20564	28.0013
2.78314	-1.21564	28.1236
2.7944	-1.22565	28.2455
2.80565	-1.23567	28.3669
2.81691	-1.24593	28.488
2.82816	-1.256	28.6087
2.83942	-1.2663	28.729
2.85068	-1.27643	28.8489
2.86193	-1.2868	28.9684
2.87319	-1.29699	29.0876
2.88444	-1.30743	29.2065
2.8957	-1.3177	29.325
2.90695	-1.32824	29.4432
2.91821	-1.3386	29.5611
2.92946	-1.34924	29.6787
2.94072	-1.35971	29.7961
2.95198	-1.37023	29.9133
2.96323	-1.38104	30.0302
2.97449	-1.39168	30.1469
2.98574	-1.40262	30.2634
2.997	-1.41339	30.3799
3.00825	-1.42423	30.4962
3.01951	-1.43536	30.6123
3.03077	-1.44634	30.7284
3.04202	-1.45738	30.8445
3.05328	-1.46873	30.9605
3.06453	-1.47991	31.0766
3.07579	-1.4914	31.1926
3.08704	-1.50273	31.3087
3.0983	-1.51438	31.4249
3.10955	-1.52585	31.5412
3.12081	-1.53764	31.6576
3.13207	-1.54926	31.7741
3.14332	-1.56119	31.8908
3.15458	-1.57294	32.0077
3.16583	-1.58501	32.1247
3.17709	-1.5969	32.2421
3.18834	-1.60885	32.3596
3.1996	-1.62112	32.4774
3.21086	-1.6332	32.5954
3.22211	-1.6456	32.7137
3.23337	-1.6578	32.8324
3.24462	-1.67006	32.9513
3.25588	-1.68237	33.0705
3.26713	-1.695	33.1901
3.27839	-1.70742	33.3099
3.28964	-1.72016	33.4301
3.3009	-1.73268	33.5506
3.31216	-1.74552	33.6715
3.32341	-1.75814	33.7927
3.33467	-1.77107	33.9142
3.34592	-1.78378	34.036
3.35718	-1.79681	34.1582
3.36843	-1.80961	34.2806
3.37969	-1.82273	34.4034
3.39095	-1.8356	34.5265
3.4022	-1.84881	34.6499
3.41346	-1.86177	34.7736
3.42471	-1.87476	34.8975
3.43597	-1.88809	35.0217
3.44722	-1.90116	35.1462
3.45848	-1.91457	35.2708
3.46973	-1.92773	35.3958
3.48099	-1.94092	35.521
3.49225	-1.95416	35.6463
3.5035	-1.96773	35.7718
3.51476	-1.98104	35.8975
3.52601	-1.9947	36.0233
3.53727	-2.0081	36.1494
3.54852	-2.02185	36.2755
3.55978	-2.03534	36.4018
3.57104	-2.04919	36.5281
3.58229	-2.06277	36.6546
3.59355	-2.07672	36.7812
3.6048	-2.09041	36.9078
3.61606	-2.10446	37.0345
3.62731	-2.11826	37.1613
3.63857	-2.13243	37.288
3.64982	-2.14635	37.4149
3.66108	-2.16064	37.5417
3.67234	-2.17468	37.6686
3.68359	-2.18878	37.7955
3.69485	-2.20328	37.9224
3.7061	-2.21752	38.0493
3.71736	-2.23183	38.1762
3.72861	-2.24621	38.3031
3.73987	-2.26101	38.43
3.75113	-2.27555	38.5568
3.76238	-2.2905	38.6836
3.77364	-2.3052	38.8104
3.78489	-2.32033	38.9371
3.79615	-2.33519	39.0638
3.8074	-2.35049	39.1905
3.81866	-2.36553	39.3172
3.82991	-2.38101	39.4438
3.84117	-2.39623	39.5704
3.85243	-2.4119	39.6969
3.86368	-2.4273	39.8234
3.87494	-2.44315	39.9499
3.88619	-2.45875	40.0763
3.89745	-2.47479	40.2026
3.9087	-2.49056	40.329
3.91996	-2.50643	40.4553
3.93122	-2.5224	40.5815
3.94247	-2.53846	40.7078
3.95373	-2.55498	40.834
3.96498	-2.57123	40.9601
3.97624	-2.58795	41.0862
3.98749	-2.60439	41.2122
3.99875	-2.6213	41.3383
4.01	-2.63792	41.4642
4.02126	-2.65463	41.5901
4.03252	-2.67219	41.716
4.04377	-2.68908	41.8418
4.05503	-2.70607	41.9676
4.06628	-2.72314	42.0933
4.07754	-2.74108	42.219
4.08879	-2.75833	42.3446
4.10005	-2.77567	42.47
4.11131	-2.79309	42.5954
4.12256	-2.81098	42.7207
4.13382	-2.82896	42.8459
4.14507	-2.84662	42.9709
4.15633	-2.86436	43.0959
4.16758	-2.88217	43.2207
4.17884	-2.90047	43.3454
4.19009	-2.91844	43.4699
4.20135	-2.93649	43.5943
4.21261	-2.95461	43.7184
4.22386	-2.97363	43.8424
4.23512	-2.99189	43.9661
4.24637	-3.01023	44.0896
4.25763	-3.02862	44.2129
4.26888	-3.04793	44.336
4.28014	-3.06646	44.4587
4.2914	-3.08505	44.5812
4.30265	-3.10371	44.7035
4.31391	-3.1233	44.8254
4.32516	-3.14209	44.947
4.33642	-3.16095	45.0683
4.34767	-3.17986	45.1892
4.35893	-3.19928	45.3097
4.37018	-3.21832	45.4299
4.38144	-3.23786	45.5497
4.3927	-3.25701	45.6691
4.40395	-3.27623	45.7881
4.41521	-3.29595	45.9067
4.42646	-3.31529	46.0249
4.43772	-3.33469	46.1427
4.44897	-3.35415	46.2599
4.46023	-3.37459	46.3768
4.47149	-3.39418	46.4931
4.48274	-3.41382	46.609
4.494	-3.43353	46.7243
4.50525	-3.45423	46.8393
4.51651	-3.47406	46.9536
4.52776	-3.49394	47.0675
4.53902	-3.5139	47.1808
4.55027	-3.53486	47.2938
4.56153	-3.55495	47.4061
4.57279	-3.5751	47.5179
4.58404	-3.59531	47.6292
4.5953	-3.61607	47.7399
4.60655	-3.63641	47.8501
4.61781	-3.65681	47.9597
4.62906	-3.67728	48.0688
4.64032	-3.69829	48.1774
4.65158	-3.71938	48.2855
4.66283	-3.74004	48.3931
4.67409	-3.76077	48.5001
4.68534	-3.78157	48.6066
4.6966	-3.80343	48.7126
4.70785	-3.82436	48.818
4.71911	-3.84586	48.923
4.73037	-3.8664	49.0273
4.74162	-3.88803	49.1313
4.75288	-3.90972	49.2347
4.76413	-3.93045	49.3376
4.77539	-3.95227	49.4402
4.78664	-3.97417	49.5422
4.7979	-3.99614	49.6438
4.80915	-4.01712	49.7449
4.82041	-4.03921	49.8455
4.83167	-4.06137	49.9458
4.84292	-4.08359	50.0456
4.85418	-4.10481	50.1448
4.86543	-4.12716	50.2438
4.87669	-4.14849	50.3422
4.88794	-4.17204	50.4405
4.8992	-4.19349	50.5382
4.91046	-4.21609	50.6357
4.92171	-4.23765	50.7326
4.93297	-4.26037	50.8292
4.94422	-4.28314	50.9255
4.95548	-4.30597	51.0215
4.96673	-4.32775	51.1169
4.97799	-4.35069	51.2122
4.98924	-4.37368	51.3072
5.0005	-4.3956	51.4017
5.01176	-4.4187	51.496
5.02301	-4.44185	51.5901
5.03427	-4.46507	51.6839
5.04552	-4.48719	51.7772
5.05678	-4.5105	51.8704
5.06803	-4.53386	51.9633
5.07929	-4.55726	52.056
5.09055	-4.57956	52.1483
5.1018	-4.60305	52.2404
5.11306	-4.62542	52.3323
5.12431	-4.65018	52.4241
5.13557	-4.67264	52.5155
5.14682	-4.69632	52.6069
5.15808	-4.71886	52.6979
5.16933	-4.74264	52.7888
5.18059	-4.76646	52.8796
5.19185	-4.79032	52.9701
5.2031	-4.81301	53.0604
5.21436	-4.83696	53.1506
5.22561	-4.86094	53.2406
5.23687	-4.88375	53.3304
5.24812	-4.90781	53.4202
5.25938	-4.93193	53.5098
5.27064	-4.95609	53.5994
5.28189	-4.97905	53.6887
5.29315	-5.0033	53.7779
5.3044	-5.02759	53.8671
5.31566	-5.05193	53.9561
5.32691	-5.07504	54.045
5.33817	-5.09945	54.1338
5.34942	-5.12263	54.2225
5.36068	-5.1484	54.3113
5.37194	-5.17167	54.3998
5.38319	-5.19625	54.4884
5.39445	-5.2196	54.5769
5.4057	-5.24427	54.6654
5.41696	-5.26899	54.7538
5.42821	-5.29245	54.842
5.43947	-5.31725	54.9304
5.45073	-5.3421	55.0187
5.46198	-5.367	55.1069
5.47324	-5.39061	55.1952
5.48449	-5.41559	55.2834
5.49575	-5.44062	55.3717
5.507	-5.46571	55.46
5.51826	-5.48949	55.5483
5.52951	-5.51467	55.6366
5.54077	-5.5399	55.7249
5.55203	-5.56517	55.8132
5.56328	-5.58912	55.9015
5.57454	-5.6145	55.9899
5.58579	-5.63853	56.0783
5.59705	-5.66539	56.1668
5.6083	-5.68953	56.2553
5.61956	-5.71511	56.3439
5.63082	-5.73935	56.4325
5.64207	-5.76504	56.5211
5.65333	-5.79078	56.6098
5.66458	-5.81517	56.6985
5.67584	-5.84102	56.7873
5.68709	-5.86693	56.8761
5.69835	-5.8929	56.965
5.7096	-5.91748	57.0538
5.72086	-5.94356	57.1428
5.73212	-5.96971	57.2319
5.74337	-5.99593	57.321
5.75463	-6.02074	57.4101
5.76588	-6.04707	57.4992
5.77714	-6.07347	57.5884
5.78839	-6.09994	57.6776
5.79965	-6.12498	57.7667
5.81091	-6.15157	57.856
5.82216	-6.17822	57.9453
5.83342	-6.20495	58.0347
5.84467	-6.23024	58.124
5.85593	-6.25711	58.2134
5.86718	-6.28253	58.3027
5.87844	-6.30955	58.3921
5.88969	-6.33664	58.4815
5.90095	-6.36227	58.5709
5.91221	-6.38952	58.6602
5.92346	-6.41684	58.7496
5.93472	-6.44424	58.8389
5.94597	-6.47015	58.9282
5.95723	-6.49772	59.0175
5.96848	-6.52537	59.1068
5.97974	-6.55312	59.1961
5.991	-6.57937	59.2852
6.00225	-6.60729	59.3744
6.01351	-6.63531	59.4635
6.02476	-6.66342	59.5525
6.03602	-6.69001	59.6413
6.04727	-6.7183	59.7301
6.05853	-6.74669	59.8189
6.06978	-6.77519	59.9075
6.08104	-6.80214	59.9961
6.0923	-6.83084	60.0845
6.10355	-6.85799	60.1728
6.11481	-6.8869	60.2611
6.12606	-6.91592	60.3492
6.13732	-6.94337	60.4371
6.14857	-6.9726	60.525
6.15983	-7.00194	60.6126
6.17109	-7.0314	60.7001
6.18234	-7.05926	60.7875
6.1936	-7.08895	60.8747
6.20485	-7.11875	60.9618
6.21611	-7.14867	61.0488
6.22736	-7.17699	61.1354
6.23862	-7.20715	61.222
6.24987	-7.23744	61.3084
6.26113	-7.26786	61.3945
6.27239	-7.29663	61.4804
6.28364	-7.32729	61.5662
6.2949	-7.35808	61.6518
6.30615	-7.38899	61.7372
6.31741	-7.41825	61.8222
6.32866	-7.44943	61.9072
6.33992	-7.47893	61.9919
6.35118	-7.51037	62.0763
6.36243	-7.54194	62.1605
6.37369	-7.57182	62.2444
6.38494	-7.60366	62.3282
6.3962	-7.63563	62.4116
6.40745	-7.66774	62.4948
6.41871	-7.69813	62.5777
6.42997	-7.73051	62.6603
6.44122	-7.76304	62.7427
6.45248	-7.7957	62.8248
6.46373	-7.82661	62.9065
6.47499	-7.85955	62.9879
6.48624	-7.89263	63.0691
6.4975	-7.92585	63.1499
6.50875	-7.95728	63.2303
6.52001	-7.99077	63.3104
6.53127	-8.0244	63.3902
6.54252	-8.05622	63.4696
6.55378	-8.09013	63.5487
6.56503	-8.12418	63.6275
6.57629	-8.1564	63.7058
6.58754	-8.19073	63.7838
6.5988	-8.2252	63.8614
6.61005	-8.25781	63.9386
6.62131	-8.29255	64.0153
6.63257	-8.32744	64.0917
6.64382	-8.36246	64.1677
6.65508	-8.39558	64.2431
6.66633	-8.43088	64.3183
6.67759	-8.46633	64.393
6.68884	-8.50192	64.4673
6.7001	-8.53557	64.5411
6.71136	-8.57144	64.6144
6.72261	-8.60745	64.6872
6.73387	-8.6436	64.7595
6.74512	-8.67777	64.8312
6.75638	-8.71418	64.9026
6.76763	-8.75074	64.9734
6.77889	-8.78529	65.0436
6.79014	-8.82212	65.1134
6.8014	-8.85693	65.1827
6.81266	-8.89404	65.2514
6.82391	-8.93129	65.3195
6.83517	-8.96869	65.3871
6.84642	-9.00401	65.4541
6.85768	-9.04167	65.5204
6.86893	-9.07947	65.5862
6.88019	-9.1174	65.6514
6.89145	-9.15322	65.716
6.9027	-9.19143	65.78
6.91396	-9.22977	65.8434
6.92521	-9.26826	65.9061
6.93647	-9.30459	65.9683
6.94772	-9.34335	66.0298
6.95898	-9.38224	66.0906
6.97023	-9.42128	66.1507
6.98149	-9.45811	66.2102
6.99275	-9.4974	66.269
7.004	-9.53683	66.3271
7.01526	-9.57403	66.3848
7.02651	-9.61373	66.4416
7.03777	-9.65119	66.4979
7.04902	-9.69116	66.5533
7.06028	-9.73128	66.608
7.07154	-9.77153	66.662
7.08279	-9.80949	66.7154
7.09405	-9.85002	66.768
7.1053	-9.89067	66.8198
7.11656	-9.93147	66.8709
7.12781	-9.96993	66.9215
7.13907	-10.011	66.9713
7.15032	-10.0522	67.0202
7.16158	-10.0936	67.0684
7.17284	-10.1326	67.1161
7.18409	-10.1742	67.1628
7.19535	-10.216	67.2086
7.2066	-10.2579	67.2538
7.21786	-10.2974	67.2984
7.22911	-10.3397	67.342
7.24037	-10.382	67.3848
7.25163	-10.4219	67.4272
7.26288	-10.4645	67.4686
7.27414	-10.5047	67.5095
7.28539	-10.5477	67.5492
7.29665	-10.5908	67.5882
7.3079	-10.634	67.6264
7.31916	-10.6747	67.6641
7.33042	-10.7183	67.7007
7.34167	-10.762	67.7366
7.35293	-10.8058	67.7717
7.36418	-10.8471	67.8065
7.37544	-10.8913	67.8401
7.38669	-10.9356	67.873
7.39795	-10.9802	67.905
7.4092	-11.0221	67.9368
7.42046	-11.0669	67.9673
7.43172	-11.1119	67.997
7.44297	-11.1571	68.0259
7.45423	-11.1997	68.0547
7.46548	-11.2452	68.0822
7.47674	-11.2909	68.1091
7.48799	-11.334	68.1358
7.49925	-11.3801	68.1612
7.51051	-11.4235	68.1865
7.52176	-11.47	68.2104
7.53302	-11.5166	68.2337
7.54427	-11.5635	68.2561
7.55553	-11.6076	68.2787
7.56678	-11.6549	68.2998
7.57804	-11.7024	68.3203
7.58929	-11.7501	68.3401
7.60055	-11.795	68.3603
7.61181	-11.8432	68.3789
7.62306	-11.8915	68.3969
7.63432	-11.9401	68.4142
7.64557	-11.9859	68.432
7.65683	-12.0349	68.4481
7.66808	-12.0842	68.4638
7.67934	-12.1338	68.4788
7.6906	-12.1804	68.4944
7.70185	-12.2304	68.5085
7.71311	-12.2806	68.5221
7.72436	-12.3279	68.5364
7.73562	-12.3787	68.5491
7.74687	-12.4265	68.5625
7.75813	-12.4778	68.5744
7.76938	-12.5294	68.5857
7.78064	-12.5812	68.5967
7.7919	-12.63	68.6086
7.80315	-12.6824	68.6189
7.81441	-12.7351	68.6288
7.82566	-12.788	68.6383
7.83692	-12.8379	68.6491
7.84817	-12.8915	68.6582
7.85943	-12.9453	68.6669
7.87069	-12.9995	68.6754
7.88194	-13.0505	68.6852
7.8932	-13.1053	68.6932
7.90445	-13.1604	68.7009
7.91571	-13.2122	68.7101
7.92696	-13.268	68.7174
7.93822	-13.3241	68.7245
7.94947	-13.3805	68.7314
7.96073	-13.4336	68.7402
7.97199	-13.4906	68.7468
7.98324	-13.5444	68.7553
7.9945	-13.6021	68.7616
8.00575	-13.6602	68.7677
8.01701	-13.7149	68.7758
8.02826	-13.7738	68.7817
8.03952	-13.8368	68.7852
8.05078	-13.8886	68.7954
8.06203	-13.9525	68.7986
8.07329	-14.0128	68.804
8.08454	-14.0696	68.8115
8.0958	-14.1307	68.8166
8.10705	-14.1882	68.824
8.11831	-14.2501	68.8288
8.12956	-14.3124	68.8334
8.14082	-14.3711	68.8405
8.15208	-14.4342	68.8447
8.16333	-14.5019	68.8461
8.17459	-14.5576	68.8555
8.18584	-14.6262	68.8563
8.1971	-14.6869	68.8626
8.20835	-14.7523	68.8656
8.21961	-14.8181	68.8684
8.23087	-14.8801	68.8739
8.24212	-14.9468	68.8761
8.25338	-15.0097	68.881
8.26463	-15.0774	68.8825
8.27589	-15.1501	68.88
8.28714	-15.21	68.8873
8.2984	-15.2837	68.8838
8.30965	-15.3536	68.8833
8.32091	-15.4194	68.8857
8.33217	-15.4903	68.8841
8.34342	-15.5572	68.8855
8.35468	-15.6293	68.8825
8.36593	-15.702	68.8788
8.37719	-15.7705	68.8783
8.38844	-15.8444	68.873
8.3997	-15.9237	68.8628
8.41096	-15.9892	68.8641
8.42221	-16.0699	68.852
8.43347	-16.1365	68.8518
8.44472	-16.2187	68.8376
8.45598	-16.2966	68.8267
8.46723	-16.3701	68.8192
8.47849	-16.4495	68.8061
8.48975	-16.5244	68.7964
8.501	-16.6053	68.7808
8.51226	-16.6922	68.7587
8.52351	-16.7641	68.7504
8.53477	-16.8527	68.7253
8.54602	-16.9369	68.7039
8.55728	-17.0165	68.6863
8.56853	-17.1024	68.6618
8.57979	-17.1836	68.6412
8.59105	-17.2713	68.6133
8.6023	-17.36	68.5834
8.61356	-17.4439	68.5577
8.62481	-17.5346	68.5239
8.63607	-17.632	68.4817
8.64732	-17.713	68.4566
8.65858	-17.8126	68.4098
8.66984	-17.8954	68.3808
8.68109	-17.9974	68.3292
8.69235	-18.0945	68.2818
8.7036	-18.1865	68.2391
8.71486	-18.2859	68.1865
8.72611	-18.3802	68.1388
8.73737	-18.482	68.0807
8.74862	-18.5916	68.0113
8.75988	-18.6829	67.9633
8.77114	-18.7952	67.8874
8.78239	-18.9023	67.8164
8.79365	-19.0041	67.7507
8.8049	-19.1139	67.6727
8.81616	-19.2183	67.6003
8.82741	-19.3311	67.5147
8.83867	-19.4454	67.425
8.84993	-19.554	67.3411
8.86118	-19.6714	67.2427
8.87244	-19.7978	67.1288
8.88369	-19.9036	67.0427
8.89495	-20.0335	66.9186
8.9062	-20.1422	66.8235
8.91746	-20.2758	66.6883
8.92871	-20.4034	66.5589
8.93997	-20.525	66.436
8.95123	-20.6563	66.2942
8.96248	-20.7814	66.1594
8.97374	-20.9166	66.0042
8.98499	-21.0623	65.8272
8.99625	-21.1846	65.6862
9.0075	-21.3346	65.4928
9.01876	-21.4783	65.3058
9.03001	-21.6152	65.1263
9.04127	-21.7633	64.9214
9.05253	-21.9044	64.7241
9.06378	-22.0571	64.4992
9.07504	-22.2123	64.2631
9.08629	-22.3602	64.0348
9.09755	-22.5203	63.7753
9.1088	-22.693	63.4815
9.12006	-22.8382	63.2383
9.13132	-23.0165	62.9155
9.14257	-23.1664	62.6466
9.15383	-23.3506	62.2912
9.16508	-23.5272	61.9422
9.17634	-23.6957	61.6016
9.18759	-23.8782	61.2159
9.19885	-24.0524	60.8385
9.2101	-24.241	60.4114
9.22136	-24.4448	59.929
9.23262	-24.616	59.5188
9.24387	-24.8266	58.9842
9.25513	-25.0286	58.4546
9.26638	-25.2213	57.9335
9.27764	-25.43	57.344
9.28889	-25.6291	56.7628
9.30015	-25.8448	56.1049
9.31141	-26.064	55.4083
9.32266	-26.2728	54.7192
9.33392	-26.4989	53.9399
9.34517	-26.7428	53.0583
9.35643	-26.9467	52.2937
9.36768	-27.1976	51.3051
9.37894	-27.4068	50.4451
9.39019	-27.6641	49.3341
9.40145	-27.909	48.2217
9.41271	-28.1248	47.1918
9.42396	-28.4057	45.7813
9.43522	-28.6245	44.6157
9.44647	-28.8761	43.2038
9.45773	-29.1281	41.7024
9.46898	-29.3797	40.1067
9.48024	-29.6299	38.4111
9.4915	-29.8777	36.6112
9.50275	-30.0899	34.9464
9.51401	-30.3293	32.9388
9.52526	-30.5622	30.8153
9.53652	-30.7867	28.574
9.54777	-31.0008	26.2138
9.55903	-31.2026	23.736
9.57028	-31.3897	21.1434
9.58154	-31.56	18.4412
9.5928	-31.6903	15.9973
9.60405	-31.8228	13.1143
9.61531	-31.9324	10.1514
9.62656	-32.0172	7.12401
9.63782	-32.076	4.04956
9.64907	-32.1015	1.34785
9.66033	-32.1121	-2.16303
9.67159	-32.0895	-4.85875
9.68284	-32.0431	-7.92701
9.6941	-31.9708	-10.9463
9.70535	-31.8742	-13.8996
9.71661	-31.755	-16.772
9.72786	-31.6151	-19.5512
9.73912	-31.4742	-21.8728
9.75037	-31.302	-24.4522
9.76163	-31.1155	-26.9177
9.77289	-30.9171	-29.2668
9.78414	-30.7087	-31.4988
9.7954	-30.5174	-33.326
9.80665	-30.2697	-35.6175
9.81791	-30.0424	-37.51
9.82916	-29.8388	-39.0462
9.84042	-29.6064	-40.7429
9.85168	-29.3728	-42.342
9.86293	-29.1389	-43.849
9.87419	-28.9055	-45.2688
9.88544	-28.7012	-46.4111
9.8967	-28.4426	-47.8673
9.90795	-28.2419	-48.8789
9.91921	-28.0157	-50.008
9.93046	-27.7922	-51.0733
9.94172	-27.5718	-52.0789
9.95298	-27.3544	-53.0285
9.96423	-27.1404	-53.9261
9.97549	-26.9559	-54.6407
9.98674	-26.7485	-55.4497
9.998	-26.5444	-56.2157
10.0093	-26.344	-56.9418
10.0205	-26.147	-57.6305
10.0318	-25.978	-58.1752
10.043	-25.7635	-58.9048
10.0543	-25.577	-59.4947
10.0655	-25.4172	-59.9593
10.0768	-25.237	-60.497
10.088	-25.0601	-61.0091
10.0993	-24.8865	-61.4972
10.1106	-24.716	-61.9626
10.1218	-24.5704	-62.3267
10.1331	-24.3842	-62.8317
10.1443	-24.2228	-63.2376
10.1556	-24.0851	-63.5534
10.1668	-23.9291	-63.9275
10.1781	-23.7758	-64.2857
10.1893	-23.6252	-64.629
10.2006	-23.4773	-64.9583
10.2119	-23.3513	-65.2124
10.2231	-23.2081	-65.5177
10.2344	-23.0673	-65.8113
10.2456	-22.9289	-66.0937
10.2569	-22.7928	-66.3657
10.2681	-22.6771	-66.5737
10.2794	-22.5273	-66.8797
10.2906	-22.3977	-67.1229
10.3019	-22.2876	-67.3083
10.3132	-22.1618	-67.5362
10.3244	-22.0381	-67.7564
10.3357	-21.9162	-67.9694
10.3469	-21.7962	-68.1752
10.3582	-21.6944	-68.3315
10.3694	-21.5615	-68.5681
10.3807	-21.4467	-68.7556
10.3919	-21.3494	-68.8972
10.4032	-21.2377	-69.0747
10.4145	-21.1276	-69.2471
10.4257	-21.019	-69.4146
10.437	-20.9119	-69.5775
10.4482	-20.8212	-69.7002
10.4595	-20.7168	-69.8554
10.4707	-20.6138	-70.0067
10.482	-20.5121	-70.1542
10.4932	-20.4117	-70.2982
10.5045	-20.3268	-70.4068
10.5158	-20.2148	-70.576
10.527	-20.1181	-70.7102
10.5383	-20.0363	-70.8115
10.5495	-19.9418	-70.9406
10.5608	-19.8484	-71.0668
10.572	-19.7561	-71.1906
10.5833	-19.6649	-71.3119
10.5945	-19.5877	-71.404
10.6058	-19.4854	-71.5478
10.6171	-19.3972	-71.6625
10.6283	-19.3226	-71.7499
10.6396	-19.2361	-71.8612
10.6508	-19.1506	-71.9706
10.6621	-19.0659	-72.0782
10.6733	-18.9821	-72.184
10.6846	-18.9112	-72.2654
10.6958	-18.8289	-72.3685
10.7071	-18.7475	-72.4701
10.7184	-18.6668	-72.5704
10.7296	-18.5868	-72.6692
10.7409	-18.5192	-72.7459
10.7521	-18.4292	-72.8628
10.7634	-18.3514	-72.9577
10.7746	-18.2856	-73.032
10.7859	-18.2091	-73.1248
10.7971	-18.1332	-73.2165
10.8084	-18.058	-73.3071
10.8197	-17.9834	-73.3967
10.8309	-17.9203	-73.4675
10.8422	-17.8361	-73.5728
10.8534	-17.7633	-73.6592
10.8647	-17.7016	-73.7281
10.8759	-17.6298	-73.813
10.8872	-17.5586	-73.897
10.8984	-17.4879	-73.9799
10.9097	-17.4177	-74.0619
10.921	-17.3582	-74.1279
10.9322	-17.289	-74.2085
10.9435	-17.2202	-74.2881
10.9547	-17.152	-74.367
10.966	-17.0842	-74.4448
10.9772	-17.0266	-74.5083
10.9885	-16.9499	-74.5981
10.9997	-16.8835	-74.6734
11.011	-16.827	-74.7349
11.0223	-16.7613	-74.8087
11.0335	-16.696	-74.8816
11.0448	-16.6312	-74.9537
11.056	-16.5668	-75.0249
11.0673	-16.5119	-75.0837
11.0785	-16.4391	-75.1648
11.0898	-16.3758	-75.2335
11.1011	-16.3219	-75.2904
11.1123	-16.2593	-75.3575
11.1236	-16.1971	-75.4237
11.1348	-16.1352	-75.4891
11.1461	-16.0737	-75.5534
11.1573	-16.0212	-75.6072
11.1686	-15.9604	-75.67
11.1798	-15.8999	-75.7319
11.1911	-15.8397	-75.793
11.2024	-15.7799	-75.853
11.2136	-15.7287	-75.9033
11.2249	-15.6612	-75.9702
11.2361	-15.6023	-76.0274
11.2474	-15.552	-76.0754
11.2586	-15.4937	-76.1307
11.2699	-15.4358	-76.1852
11.2811	-15.3782	-76.2386
11.2924	-15.3209	-76.291
11.3037	-15.2719	-76.335
11.3149	-15.2073	-76.3928
11.3262	-15.1509	-76.4422
11.3374	-15.1027	-76.4835
11.3487	-15.0469	-76.5309
11.3599	-14.9914	-76.5773
11.3712	-14.9363	-76.6225
11.3824	-14.8814	-76.6667
11.3937	-14.8344	-76.7036
11.405	-14.7802	-76.7458
11.4162	-14.7262	-76.7868
11.4275	-14.6726	-76.8268
11.4387	-14.6192	-76.8656
11.45	-14.5735	-76.8979
11.4612	-14.5135	-76.9399
11.4725	-14.461	-76.9753
11.4837	-14.4161	-77.0045
11.495	-14.3643	-77.0377
11.5063	-14.3128	-77.0698
11.5175	-14.2616	-77.1008
11.5288	-14.2107	-77.1306
11.54	-14.167	-77.1546
11.5513	-14.1098	-77.1865
11.5625	-14.0599	-77.2127
11.5738	-14.017	-77.2336
11.585	-13.9677	-77.2574
11.5963	-13.9186	-77.2801
11.6076	-13.8699	-77.3017
11.6188	-13.8215	-77.322
11.6301	-13.78	-77.3373
11.6413	-13.7322	-77.3553
11.6526	-13.6847	-77.3721
11.6638	-13.6375	-77.3877
11.6751	-13.5907	-77.402
11.6863	-13.5506	-77.4118
11.6976	-13.4979	-77.4271
11.7089	-13.452	-77.4377
11.7201	-13.4128	-77.4442
11.7314	-13.3675	-77.4525
11.7426	-13.3226	-77.4597
11.7539	-13.278	-77.4657
11.7651	-13.2337	-77.4704
11.7764	-13.1958	-77.4714
11.7876	-13.146	-77.4765
11.7989	-13.1027	-77.4777
11.8102	-13.0658	-77.4753
11.8214	-13.023	-77.4742
11.8327	-12.9807	-77.472
11.8439	-12.9386	-77.4687
11.8552	-12.8969	-77.4642
11.8664	-12.8614	-77.4565
11.8777	-12.8203	-77.4499
11.8889	-12.7795	-77.4421
11.9002	-12.739	-77.4333
11.9115	-12.6989	-77.4234
11.9227	-12.6648	-77.4105
11.934	-12.6196	-77.4004
11.9452	-12.5804	-77.3873
11.9565	-12.5472	-77.3715
11.9677	-12.5086	-77.3564
11.979	-12.4704	-77.3403
11.9902	-12.4325	-77.3233
12.0015	-12.3949	-77.3053
12.0128	-12.3631	-77.2848
12.024	-12.3262	-77.265
12.0353	-12.2841	-77.2457
12.0465	-12.2532	-77.2226
12.0578	-12.2171	-77.2001
12.069	-12.1814	-77.1768
12.0803	-12.146	-77.1526
12.0915	-12.111	-77.1276
12.1028	-12.0815	-77.1006
12.1141	-12.047	-77.074
12.1253	-12.0129	-77.0468
12.1366	-11.979	-77.0187
12.1478	-11.9454	-76.99
12.1591	-11.9174	-76.9594
12.1703	-11.8793	-76.9304
12.1816	-11.8467	-76.8997
12.1928	-11.8194	-76.8673
12.2041	-11.7874	-76.8353
12.2154	-11.7557	-76.8028
12.2266	-11.7242	-76.7697
12.2379	-11.6931	-76.736
12.2491	-11.6672	-76.7009
12.2604	-11.6367	-76.6662
12.2716	-11.6014	-76.632
12.2829	-11.5764	-76.5954
12.2941	-11.5467	-76.5594
12.3054	-11.5173	-76.5229
12.3167	-11.4882	-76.486
12.3279	-11.4594	-76.4488
12.3392	-11.4357	-76.4104
12.3504	-11.4074	-76.3724
12.3617	-11.3795	-76.3341
12.3729	-11.3518	-76.2955
12.3842	-11.3243	-76.2566
12.3954	-11.3019	-76.2167
12.4067	-11.2703	-76.178
12.418	-11.2437	-76.1384
12.4292	-11.222	-76.0978
12.4405	-11.1959	-76.0578
12.4517	-11.1701	-76.0176
12.463	-11.1446	-75.9772
12.4742	-11.1193	-75.9367
12.4855	-11.0988	-75.8953
12.4967	-11.074	-75.8546
12.508	-11.0449	-75.8143
12.5193	-11.0252	-75.7727
12.5305	-11.0011	-75.7317
12.5418	-10.9773	-75.6906
12.553	-10.9538	-75.6495
12.5643	-10.9305	-75.6083
12.5755	-10.9118	-75.5666
12.5868	-10.889	-75.5254
12.598	-10.8663	-75.4843
12.6093	-10.8439	-75.4432
12.6206	-10.8217	-75.4022
12.6318	-10.8041	-75.3606
12.6431	-10.778	-75.3203
12.6543	-10.7565	-75.2794
12.6656	-10.7394	-75.2381
12.6768	-10.7183	-75.1975
12.6881	-10.6974	-75.157
12.6993	-10.6766	-75.1166
12.7106	-10.6561	-75.0764
12.7219	-10.64	-75.0359
12.7331	-10.6198	-74.9959
12.7444	-10.5956	-74.9568
12.7556	-10.58	-74.9166
12.7669	-10.5604	-74.8769
12.7781	-10.5451	-74.8369
12.7894	-10.5216	-74.7982
12.8006	-10.5025	-74.7592
12.8119	-10.4877	-74.7199
12.8232	-10.4688	-74.6815
12.8344	-10.4502	-74.6433
12.8457	-10.4316	-74.6054
12.8569	-10.4133	-74.5678
12.8682	-10.3991	-74.5301
12.8794	-10.3769	-74.4936
12.8907	-10.359	-74.457
12.902	-10.3452	-74.4203
12.9132	-10.3275	-74.3843
12.9245	-10.3099	-74.3488
12.9357	-10.2924	-74.3137
12.947	-10.2751	-74.2789
12.9582	-10.2618	-74.2441
12.9695	-10.2447	-74.2101
12.9807	-10.2237	-74.177
12.992	-10.2107	-74.1434
13.0033	-10.1939	-74.1108
13.0145	-10.1811	-74.078
13.0258	-10.1606	-74.0467
13.037	-10.144	-74.0154
13.0483	-10.1315	-73.9841
13.0595	-10.1151	-73.9537
13.0708	-10.0988	-73.9238
13.082	-10.0826	-73.8944
13.0933	-10.0665	-73.8655
13.1046	-10.0543	-73.8366
13.1158	-10.0344	-73.8091
13.1271	-10.0185	-73.7817
13.1383	-10.0065	-73.7543
13.1496	-9.99073	-73.728
13.1608	-9.97502	-73.7021
13.1721	-9.95936	-73.6768
13.1833	-9.94377	-73.652
13.1946	-9.932	-73.6273
13.2059	-9.91653	-73.6036
13.2171	-9.89737	-73.5807
13.2284	-9.88575	-73.5576
13.2396	-9.87044	-73.5354
13.2509	-9.8589	-73.5134
13.2621	-9.83999	-73.4926
13.2734	-9.82484	-73.472
13.2846	-9.81343	-73.4516
13.2959	-9.79836	-73.432
13.3072	-9.78335	-73.413
13.3184	-9.76839	-73.3944
13.3297	-9.75347	-73.3763
13.3409	-9.74224	-73.3584
13.3522	-9.72378	-73.3417
13.3634	-9.709	-73.325
13.3747	-9.69787	-73.3086
13.3859	-9.68318	-73.2929
13.3972	-9.66852	-73.2777
13.4085	-9.65391	-73.263
13.4197	-9.63934	-73.2486
13.431	-9.62837	-73.2345
13.4422	-9.61387	-73.221
13.4535	-9.59588	-73.2081
13.4647	-9.58501	-73.1952
13.476	-9.57063	-73.1829
13.4872	-9.55982	-73.1707
13.4985	-9.54201	-73.1593
13.5098	-9.52776	-73.1481
13.521	-9.51705	-73.137
13.5323	-9.50287	-73.1264
13.5435	-9.48873	-73.1162
13.5548	-9.47463	-73.1062
13.566	-9.46057	-73.0965
13.5773	-9.45	-73.0869
13.5885	-9.43257	-73.0778
13.5998	-9.41862	-73.0688
13.6111	-9.40815	-73.06
13.6223	-9.39428	-73.0515
13.6336	-9.38045	-73.0432
13.6448	-9.36666	-73.0351
13.6561	-9.3529	-73.0272
13.6673	-9.34257	-73.0194
13.6786	-9.32889	-73.0118
13.6898	-9.31187	-73.0043
13.7011	-9.30163	-72.997
13.7124	-9.28806	-72.9898
13.7236	-9.27787	-72.9826
13.7349	-9.26103	-72.9756
13.7461	-9.24758	-72.9686
13.7574	-9.23749	-72.9618
13.7686	-9.22411	-72.955
13.7799	-9.21077	-72.9483
13.7911	-9.19746	-72.9416
13.8024	-9.18419	-72.9349
13.8137	-9.17425	-72.9284
13.8249	-9.15777	-72.9217
13.8362	-9.14462	-72.915
13.8474	-9.13477	-72.9086
13.8587	-9.12169	-72.9019
13.8699	-9.10866	-72.8953
13.8812	-9.09566	-72.8887
13.8924	-9.08271	-72.882
13.9037	-9.07303	-72.8755
13.915	-9.06014	-72.8688
13.9262	-9.04409	-72.8619
13.9375	-9.0345	-72.8553
13.9487	-9.02175	-72.8484
13.96	-9.01223	-72.8418
13.9712	-8.99637	-72.8345
13.9825	-8.98375	-72.8275
13.9937	-8.97435	-72.8207
14.005	-8.96181	-72.8135
14.0163	-8.94933	-72.8064
14.0275	-8.93688	-72.7991
14.0388	-8.92449	-72.7917
14.05	-8.91528	-72.7846
14.0613	-8.89985	-72.7768
14.0725	-8.8876	-72.7692
14.0838	-8.87853	-72.7618
14.095	-8.86638	-72.7541
14.1063	-8.85429	-72.7463
14.1176	-8.84225	-72.7383
14.1288	-8.83027	-72.7303
14.1401	-8.82142	-72.7226
14.1513	-8.80955	-72.7144
14.1626	-8.79466	-72.7058
14.1738	-8.78596	-72.6978
14.1851	-8.77426	-72.6894
14.1963	-8.76567	-72.6812
14.2076	-8.75104	-72.6721
14.2189	-8.73952	-72.6634
14.2301	-8.73109	-72.6549
14.2414	-8.7197	-72.646
14.2526	-8.70837	-72.6369
14.2639	-8.6971	-72.6277
14.2751	-8.6859	-72.6184
14.2864	-8.67777	-72.6095
14.2976	-8.6637	-72.5995
14.3089	-8.65271	-72.5899
14.3202	-8.64475	-72.5806
14.3314	-8.63389	-72.5707
14.3427	-8.62309	-72.5607
14.3539	-8.61236	-72.5506
14.3652	-8.60171	-72.5403
14.3764	-8.59408	-72.5304
14.3877	-8.58356	-72.5199
14.3989	-8.57019	-72.5087
14.4102	-8.56275	-72.4985
14.4215	-8.55245	-72.4875
14.4327	-8.54514	-72.477
14.444	-8.53206	-72.4652
14.4552	-8.52198	-72.4538
14.4665	-8.51486	-72.4428
14.4777	-8.50492	-72.4311
14.489	-8.49504	-72.4192
14.5002	-8.48524	-72.4072
14.5115	-8.47551	-72.395
14.5228	-8.46872	-72.3832
14.534	-8.45626	-72.3702
14.5453	-8.44674	-72.3576
14.5565	-8.44013	-72.3453
14.5678	-8.43073	-72.3323
14.579	-8.4214	-72.3191
14.5903	-8.41214	-72.3057
14.6016	-8.40295	-72.2921
14.6128	-8.39665	-72.2789
14.6241	-8.38758	-72.265
14.6353	-8.37576	-72.2503
14.6466	-8.36964	-72.2367
14.6578	-8.36075	-72.2223
14.6691	-8.35472	-72.2083
14.6803	-8.34316	-72.1929
14.6916	-8.33445	-72.178
14.7029	-8.32857	-72.1634
14.7141	-8.31997	-72.148
14.7254	-8.31143	-72.1325
14.7366	-8.30294	-72.1168
14.7479	-8.29452	-72.101
14.7591	-8.28889	-72.0856
14.7704	-8.28056	-72.0695
14.7816	-8.26953	-72.0526
14.7929	-8.26403	-72.0368
14.8042	-8.25583	-72.0201
14.8154	-8.24768	-72.0033
14.8267	-8.23958	-71.9864
14.8379	-8.23153	-71.9692
14.8492	-8.22623	-71.9526
14.8604	-8.21827	-71.9351
14.8717	-8.20765	-71.917
14.8829	-8.20247	-71.9
14.8942	-8.19463	-71.8823
14.9055	-8.18951	-71.865
14.9167	-8.17906	-71.8464
14.928	-8.17133	-71.8283
14.9392	-8.16631	-71.8105
14.9505	-8.15866	-71.7921
14.9617	-8.15104	-71.7735
14.973	-8.14347	-71.7549
14.9842	-8.13593	-71.7361
14.9955	-8.13109	-71.7178
15.0068	-8.12362	-71.6989
15.018	-8.11355	-71.6793
15.0293	-8.10879	-71.6608
15.0405	-8.10142	-71.6415
15.0518	-8.09409	-71.6221
15.063	-8.08679	-71.6026
15.0743	-8.07953	-71.583
15.0855	-8.07492	-71.5639
15.0968	-8.06773	-71.5441
15.1081	-8.05799	-71.5236
15.1193	-8.05347	-71.5042
15.1306	-8.04639	-71.4842
15.1418	-8.04193	-71.4645
15.1531	-8.03233	-71.4437
15.1643	-8.02535	-71.4233
15.1756	-8.02097	-71.4034
15.1868	-8.01406	-71.3827
15.1981	-8.00719	-71.3619
15.2094	-8.00036	-71.341
15.2206	-7.99356	-71.32
15.2319	-7.98935	-71.2995
15.2431	-7.98262	-71.2783
15.2544	-7.9734	-71.2564
15.2656	-7.96927	-71.2355
15.2769	-7.96265	-71.2139
15.2881	-7.95605	-71.1921
15.2994	-7.9495	-71.1702
15.3107	-7.94299	-71.1481
15.3219	-7.93902	-71.1263
15.3332	-7.93257	-71.1039
15.3444	-7.92367	-71.0809
15.3557	-7.9198	-71.0587
15.3669	-7.91347	-71.0358
15.3782	-7.90964	-71.0133
15.3894	-7.90089	-70.9896
15.4007	-7.89465	-70.9662
15.412	-7.89092	-70.9431
15.4232	-7.88475	-70.9193
15.4345	-7.87861	-70.8953
15.4457	-7.87251	-70.8711
15.457	-7.86645	-70.8468
15.4682	-7.86286	-70.8227
15.4795	-7.85686	-70.798
15.4907	-7.84844	-70.7726
15.502	-7.84493	-70.748
15.5133	-7.83901	-70.7227
15.5245	-7.83555	-70.6976
15.5358	-7.82726	-70.6714
15.547	-7.82143	-70.6455
15.5583	-7.81804	-70.6198
15.5695	-7.81227	-70.5935
15.5808	-7.80413	-70.5666
15.592	-7.80081	-70.5404
15.6033	-7.79513	-70.5136
15.6146	-7.79184	-70.487
15.6258	-7.78381	-70.4595
15.6371	-7.77819	-70.4322
15.6483	-7.77497	-70.4051
15.6596	-7.76939	-70.3774
15.6708	-7.76384	-70.3496
15.6821	-7.75832	-70.3217
15.6933	-7.75282	-70.2936
15.7046	-7.7497	-70.2659
15.7159	-7.74424	-70.2376
15.7271	-7.73646	-70.2089
15.7384	-7.73339	-70.1809
15.7496	-7.72799	-70.1523
15.7609	-7.72495	-70.1241
15.7721	-7.71727	-70.0951
15.7834	-7.71195	-70.0663
15.7946	-7.70896	-70.0379
15.8059	-7.70369	-70.0091
15.8172	-7.69613	-69.98
15.8284	-7.6932	-69.9515
15.8397	-7.688	-69.9227
15.8509	-7.68511	-69.8942
15.8622	-7.67766	-69.8652
15.8734	-7.67252	-69.8365
15.8847	-7.6697	-69.8081
15.8959	-7.66462	-69.7795
15.9072	-7.65956	-69.7509
15.9185	-7.65454	-69.7225
15.9297	-7.64955	-69.6941
15.941	-7.64684	-69.6661
15.9522	-7.64191	-69.638
15.9635	-7.63476	-69.6098
15.9747	-7.63213	-69.5822
15.986	-7.6273	-69.5544
15.9972	-7.62472	-69.5271
16.0085	-7.61549	-69.4992
16.0198	-7.61522	-69.4724
16.031	-7.61052	-69.4453
16.0423	-7.60587	-69.4184
16.0535	-7.59904	-69.3915
16.0648	-7.59446	-69.365
16.076	-7.59434	-69.3391
16.0873	-7.58983	-69.313
16.0985	-7.58317	-69.2869
16.1098	-7.57875	-69.2613
16.1211	-7.57438	-69.2358
16.1323	-7.57442	-69.2108
16.1436	-7.56795	-69.1856
16.1548	-7.56371	-69.1608
16.1661	-7.55952	-69.1363
16.1773	-7.55537	-69.1119
16.1886	-7.55343	-69.0879
16.1999	-7.54936	-69.0641
16.2111	-7.54534	-69.0404
16.2224	-7.54137	-69.017
16.2336	-7.53744	-68.9938
16.2449	-7.53141	-68.9707
16.2561	-7.53186	-68.9481
16.2674	-7.52806	-68.9255
16.2786	-7.52431	-68.9032
16.2899	-7.51848	-68.881
16.3011	-7.51482	-68.8592
16.3124	-7.51544	-68.8376
16.3237	-7.51185	-68.8161
16.3349	-7.50618	-68.7948
16.3462	-7.50267	-68.7738
16.3574	-7.4992	-68.7529
16.3687	-7.49998	-68.7322
16.3799	-7.49447	-68.7117
16.3912	-7.4911	-68.6914
16.4025	-7.48776	-68.6713
16.4137	-7.48446	-68.6514
16.425	-7.48326	-68.6316
16.4362	-7.48	-68.612
16.4475	-7.47675	-68.5926
16.4587	-7.47353	-68.5734
16.47	-7.47033	-68.5542
16.4812	-7.46715	-68.5353
16.4925	-7.46605	-68.5164
16.5038	-7.46289	-68.4977
16.515	-7.45975	-68.4792
16.5263	-7.45456	-68.4609
16.5375	-7.45143	-68.4427
16.5488	-7.4524	-68.4245
16.56	-7.44927	-68.4065
16.5713	-7.44409	-68.3888
16.5825	-7.44095	-68.3711
16.5938	-7.43781	-68.3535
16.6051	-7.43872	-68.3359
16.6163	-7.43352	-68.3186
16.6276	-7.43035	-68.3014
16.6388	-7.42716	-68.2844
16.6501	-7.42395	-68.2674
16.6613	-7.42274	-68.2505
16.6726	-7.41948	-68.2338
16.6838	-7.4162	-68.2173
16.6951	-7.41289	-68.2008
16.7064	-7.40954	-68.1844
16.7176	-7.40617	-68.1682
16.7289	-7.40477	-68.1519
16.7401	-7.40133	-68.1358
16.7514	-7.39785	-68.1199
16.7626	-7.39236	-68.1042
16.7739	-7.38881	-68.0885
16.7851	-7.38918	-68.0726
16.7964	-7.38553	-68.0571
16.8077	-7.37988	-68.0419
16.8189	-7.37614	-68.0266
16.8302	-7.37237	-68.0113
16.8414	-7.37247	-67.9958
16.8527	-7.36663	-67.9809
16.8639	-7.36271	-67.9659
16.8752	-7.35874	-67.9509
16.8864	-7.35472	-67.936
16.8977	-7.3526	-67.9211
16.909	-7.34847	-67.9063
16.9202	-7.34429	-67.8917
16.9315	-7.34005	-67.877
16.9427	-7.33576	-67.8624
16.954	-7.33142	-67.8477
16.9652	-7.32895	-67.8329
16.9765	-7.32451	-67.8183
16.9877	-7.32001	-67.8036
16.999	-7.31546	-67.789
17.0103	-7.30896	-67.7746
17.0215	-7.30812	-67.7595
17.0328	-7.30341	-67.7448
17.044	-7.29675	-67.7302
17.0553	-7.29194	-67.7153
17.0665	-7.28708	-67.7004
17.0778	-7.28594	-67.6849
17.089	-7.2791	-67.6699
17.1003	-7.27409	-67.6545
17.1116	-7.26904	-67.639
17.1228	-7.26394	-67.6234
17.1341	-7.26067	-67.6074
17.1453	-7.25547	-67.5914
17.1566	-7.25023	-67.5752
17.1678	-7.24495	-67.5588
17.1791	-7.23962	-67.5421
17.1903	-7.23425	-67.5252
17.2016	-7.23069	-67.5077
17.2129	-7.22524	-67.4902
17.2241	-7.21975	-67.4723
17.2354	-7.21423	-67.4541
17.2466	-7.20684	-67.4358
17.2579	-7.2049	-67.4165
17.2691	-7.19927	-67.3972
17.2804	-7.19177	-67.3778
17.2916	-7.18607	-67.3577
17.3029	-7.18034	-67.3372
17.3142	-7.17819	-67.3158
17.3254	-7.17058	-67.2946
17.3367	-7.16476	-67.2726
17.3479	-7.1589	-67.2502
17.3592	-7.15303	-67.2272
17.3704	-7.14891	-67.2035
17.3817	-7.14298	-67.1796
17.3929	-7.13702	-67.155
17.4042	-7.13104	-67.1299
17.4155	-7.12503	-67.1042
17.4267	-7.119	-67.078
17.438	-7.11472	-67.0508
17.4492	-7.10865	-67.0233
17.4605	-7.10256	-66.9951
17.4717	-7.09646	-66.9663
17.483	-7.0886	-66.9371
17.4942	-7.08595	-66.9066
17.5055	-7.0798	-66.8759
17.5168	-7.0719	-66.8448
17.528	-7.06573	-66.8127
17.5393	-7.05954	-66.78
17.5505	-7.05678	-66.7461
17.5618	-7.04885	-66.7122
17.573	-7.04264	-66.6774
17.5843	-7.03642	-66.6419
17.5955	-7.0302	-66.6057
17.6068	-7.02567	-66.5686
17.6181	-7.01944	-66.5311
17.6293	-7.0132	-66.4928
17.6406	-7.00697	-66.4539
17.6518	-7.00074	-66.4142
17.6631	-6.99451	-66.3739
17.6743	-6.98995	-66.3326
17.6856	-6.98373	-66.291
17.6968	-6.97752	-66.2486
17.7081	-6.97132	-66.2055
17.7194	-6.96348	-66.1621
17.7306	-6.9606	-66.1172
17.7419	-6.95443	-66.0722
17.7531	-6.94828	-66.0266
17.7644	-6.94051	-65.9807
17.7756	-6.9344	-65.9338
17.7869	-6.93156	-65.8857
17.7981	-6.92386	-65.8379
17.8094	-6.91782	-65.7892
17.8207	-6.9118	-65.74
17.8319	-6.90582	-65.6901
17.8432	-6.90146	-65.6395
17.8544	-6.89553	-65.5885
17.8657	-6.88963	-65.5371
17.8769	-6.88377	-65.4851
17.8882	-6.87795	-65.4326
17.8994	-6.87216	-65.3797
17.9107	-6.86799	-65.3259
17.922	-6.86228	-65.2719
17.9332	-6.85662	-65.2176
17.9445	-6.85101	-65.1628
17.9557	-6.84391	-65.1079
17.967	-6.84149	-65.0516
17.9782	-6.83602	-64.9956
17.9895	-6.83062	-64.9392
18.0007	-6.82374	-64.8829
18.012	-6.81844	-64.8258
18.0233	-6.81625	-64.7676
18.0345	-6.80955	-64.7103
18.0458	-6.80444	-64.6523
18.057	-6.7994	-64.594
18.0683	-6.79442	-64.5355
18.0795	-6.79099	-64.4763
18.0908	-6.78614	-64.4173
18.1021	-6.78136	-64.3581
18.1133	-6.77666	-64.2988
18.1246	-6.77202	-64.2392
18.1358	-6.76746	-64.1795
18.1471	-6.76443	-64.1192
18.1583	-6.76002	-64.0592
18.1696	-6.75568	-63.9992
18.1808	-6.75142	-63.939
18.1921	-6.7458	-63.8793
18.2034	-6.74458	-63.818
18.2146	-6.74056	-63.7578
18.2259	-6.73662	-63.6975
18.2371	-6.73134	-63.6377
18.2484	-6.72757	-63.5774
18.2596	-6.7267	-63.5161
18.2709	-6.72168	-63.4564
18.2821	-6.71816	-63.3963
18.2934	-6.71472	-63.3363
18.3047	-6.71137	-63.2764
18.3159	-6.70949	-63.216
18.3272	-6.7063	-63.1563
18.3384	-6.7032	-63.0968
18.3497	-6.70019	-63.0375
18.3609	-6.69726	-62.9783
18.3722	-6.69441	-62.9194
18.3834	-6.69301	-62.86
18.3947	-6.69033	-62.8015
18.406	-6.68774	-62.7432
18.4172	-6.68523	-62.6852
18.4285	-6.68146	-62.6282
18.4397	-6.6818	-62.5694
18.451	-6.67953	-62.5123
18.4622	-6.67734	-62.4555
18.4735	-6.67392	-62.3998
18.4847	-6.6719	-62.3436
18.496	-6.67258	-62.2864
18.5073	-6.67071	-62.2311
18.5185	-6.66761	-62.1768
18.5298	-6.66589	-62.1222
18.541	-6.66425	-62.068
18.5523	-6.66397	-62.0135
18.5635	-6.66247	-61.9601
18.5748	-6.66103	-61.9072
18.586	-6.65966	-61.8548
18.5973	-6.65836	-61.8028
18.6086	-6.65713	-61.7513
18.6198	-6.65722	-61.6995
18.6311	-6.6561	-61.6489
18.6423	-6.65504	-61.5989
18.6536	-6.65404	-61.5493
18.6648	-6.65184	-61.5012
18.6761	-6.65344	-61.4509
18.6873	-6.65259	-61.403
18.6986	-6.65178	-61.3555
18.7099	-6.64978	-61.3095
18.7211	-6.64907	-61.2632
18.7324	-6.65085	-61.2155
18.7436	-6.65021	-61.1703
18.7549	-6.64837	-61.1265
18.7661	-6.6478	-61.0824
18.7774	-6.64725	-61.0389
18.7886	-6.64673	-60.9959
18.7999	-6.64744	-60.9526
18.8112	-6.64695	-60.9108
18.8224	-6.64529	-60.8705
18.8337	-6.64604	-60.8289
18.8449	-6.64441	-60.7899
18.8562	-6.64754	-60.7474
18.8674	-6.64592	-60.7096
18.8787	-6.64431	-60.6724
18.8899	-6.64506	-60.6337
18.9012	-6.64345	-60.5977
18.9125	-6.64418	-60.5602
18.9237	-6.6449	-60.5233
18.935	-6.64326	-60.4891
18.9462	-6.64394	-60.4534
18.9575	-6.64228	-60.4205
18.9687	-6.6429	-60.386
18.98	-6.6435	-60.3521
18.9912	-6.64176	-60.321
19.0025	-6.64229	-60.2882
19.0138	-6.64049	-60.2583
19.025	-6.63867	-60.2291
19.0363	-6.64134	-60.1959
19.0475	-6.63943	-60.1678
19.0588	-6.63748	-60.1404
19.07	-6.63774	-60.1112
19.0813	-6.6357	-60.0849
19.0925	-6.63808	-60.0547
19.1038	-6.63593	-60.0296
19.1151	-6.63373	-60.0051
19.1263	-6.6337	-59.9788
19.1376	-6.63138	-59.9555
19.1488	-6.63121	-59.9304
19.1601	-6.63097	-59.9058
19.1713	-6.62847	-59.8842
19.1826	-6.62809	-59.8608
19.1938	-6.62545	-59.8403
19.2051	-6.62492	-59.8179
19.2164	-6.62432	-59.7961
19.2276	-6.62147	-59.7771
19.2389	-6.62072	-59.7564
19.2501	-6.61773	-59.7385
19.2614	-6.61467	-59.7211
19.2726	-6.61582	-59.6994
19.2839	-6.61261	-59.683
19.2951	-6.60932	-59.6671
19.3064	-6.60809	-59.6493
19.3177	-6.60466	-59.6342
19.3289	-6.60537	-59.6148
19.3402	-6.60179	-59.6007
19.3514	-6.59814	-59.5869
19.3627	-6.5965	-59.5711
19.3739	-6.5927	-59.5582
19.3852	-6.59091	-59.5432
19.3964	-6.58904	-59.5285
19.4077	-6.58502	-59.5166
19.419	-6.58299	-59.5026
19.4302	-6.57883	-59.4913
19.4415	-6.57665	-59.4778
19.4527	-6.57441	-59.4647
19.464	-6.57004	-59.4541
19.4752	-6.56765	-59.4415
19.4865	-6.56316	-59.4314
19.4977	-6.5586	-59.4215
19.509	-6.55802	-59.407
19.5203	-6.55334	-59.3974
19.5315	-6.5486	-59.3879
19.5428	-6.5458	-59.3761
19.554	-6.54095	-59.3668
19.5653	-6.54002	-59.3528
19.5765	-6.53505	-59.3436
19.5878	-6.53004	-59.3344
19.599	-6.52695	-59.3229
19.6103	-6.52183	-59.3137
19.6216	-6.51863	-59.3021
19.6328	-6.51538	-59.2904
19.6441	-6.51011	-59.2809
19.6553	-6.50676	-59.269
19.6666	-6.50141	-59.2593
19.6778	-6.49796	-59.2471
19.6891	-6.49446	-59.2348
19.7003	-6.489	-59.2246
19.7116	-6.48541	-59.2118
19.7229	-6.47987	-59.2012
19.7341	-6.4743	-59.1903
19.7454	-6.47249	-59.1745
19.7566	-6.46684	-59.1631
19.7679	-6.46116	-59.1513
19.7791	-6.45734	-59.137
19.7904	-6.4516	-59.1246
19.8017	-6.44957	-59.1073
19.8129	-6.44377	-59.0942
19.8242	-6.43795	-59.0808
19.8354	-6.43395	-59.0647
19.8467	-6.42807	-59.0506
19.8579	-6.42401	-59.0338
19.8692	-6.41991	-59.0166
19.8804	-6.41396	-59.0012
19.8917	-6.40981	-58.9832
19.903	-6.40381	-58.9669
19.9142	-6.3996	-58.9481
19.9255	-6.39537	-58.9289
19.9367	-6.38931	-58.9114
19.948	-6.38503	-58.8914
19.9592	-6.37894	-58.873
19.9705	-6.37284	-58.8543
19.9817	-6.37026	-58.8309
19.993	-6.36412	-58.8114
20.0043	-6.35797	-58.7914
20.0155	-6.35356	-58.769
20.0268	-6.34739	-58.7483
20.038	-6.34469	-58.723
20.0493	-6.3385	-58.7015
20.0605	-6.33231	-58.6797
20.0718	-6.32783	-58.6554
20.083	-6.32162	-58.6329
20.0943	-6.31713	-58.6081
20.1056	-6.31261	-58.5829
20.1168	-6.3064	-58.5595
20.1281	-6.30188	-58.5338
20.1393	-6.29568	-58.5098
20.1506	-6.29116	-58.4835
20.1618	-6.28663	-58.4571
20.1731	-6.28046	-58.4324
20.1843	-6.27594	-58.4055
20.1956	-6.26979	-58.3804
20.2069	-6.26366	-58.3552
20.2181	-6.2608	-58.3259
20.2294	-6.2547	-58.3004
20.2406	-6.25023	-58.2728
20.2519	-6.24417	-58.247
20.2631	-6.23815	-58.2211
20.2744	-6.23534	-58.1913
20.2856	-6.22937	-58.1653
20.2969	-6.22343	-58.1392
20.3082	-6.21911	-58.1112
20.3194	-6.21325	-58.0851
20.3307	-6.20899	-58.0571
20.3419	-6.20476	-58.0292
20.3532	-6.19902	-58.0031
20.3644	-6.19487	-57.9752
20.3757	-6.18922	-57.9492
20.3869	-6.18516	-57.9214
20.3982	-6.18114	-57.8937
20.4095	-6.17565	-57.8679
20.4207	-6.17172	-57.8403
20.432	-6.16635	-57.8147
20.4432	-6.16104	-57.7892
20.4545	-6.15875	-57.7603
20.4657	-6.15355	-57.735
20.477	-6.14989	-57.7081
20.4882	-6.14482	-57.6831
20.4995	-6.13981	-57.6582
20.5108	-6.13778	-57.63
20.522	-6.1329	-57.6054
20.5333	-6.12808	-57.581
20.5445	-6.12477	-57.555
20.5558	-6.12009	-57.5309
20.567	-6.1169	-57.5053
20.5783	-6.11377	-57.4798
20.5895	-6.10928	-57.4563
20.6008	-6.10626	-57.4311
20.6121	-6.1019	-57.4079
20.6233	-6.09899	-57.3831
20.6346	-6.09614	-57.3586
20.6458	-6.09196	-57.3359
20.6571	-6.08921	-57.3116
20.6683	-6.08515	-57.2893
20.6796	-6.08114	-57.2672
20.6908	-6.0799	-57.2418
20.7021	-6.07599	-57.22
20.7134	-6.07348	-57.1967
20.7246	-6.06967	-57.1753
20.7359	-6.06591	-57.1541
20.7471	-6.06484	-57.1297
20.7584	-6.06115	-57.1088
20.7696	-6.05751	-57.0882
20.7809	-6.0552	-57.0661
20.7921	-6.05161	-57.0458
20.8034	-6.04935	-57.0241
20.8147	-6.04711	-57.0027
20.8259	-6.04359	-56.9831
20.8372	-6.04137	-56.9621
20.8484	-6.03789	-56.9429
20.8597	-6.03568	-56.9224
20.8709	-6.03348	-56.9021
20.8822	-6.03001	-56.8837
20.8934	-6.02779	-56.8639
20.9047	-6.02432	-56.846
20.916	-6.02085	-56.8284
20.9272	-6.01982	-56.8077
20.9385	-6.01632	-56.7907
20.9497	-6.01402	-56.7723
20.961	-6.01047	-56.7558
20.9722	-6.00691	-56.7396
20.9835	-6.00573	-56.7205
20.9947	-6.00211	-56.705
21.006	-5.99846	-56.6898
21.0173	-5.99596	-56.6733
21.0285	-5.99223	-56.6588
21.0398	-5.98965	-56.643
21.051	-5.98701	-56.6275
21.0623	-5.98315	-56.6141
21.0735	-5.98041	-56.5994
21.0848	-5.97646	-56.5867
21.096	-5.97362	-56.5727
21.1073	-5.97071	-56.5592
21.1186	-5.96661	-56.5476
21.1298	-5.96358	-56.5349
21.1411	-5.95937	-56.5241
21.1523	-5.9551	-56.5138
21.1636	-5.95302	-56.5007
21.1748	-5.94863	-56.4912
21.1861	-5.94529	-56.4805
21.1973	-5.94077	-56.4718
21.2086	-5.9362	-56.4634
21.2199	-5.93377	-56.4524
21.2311	-5.92908	-56.4449
21.2424	-5.92432	-56.4377
21.2536	-5.9206	-56.4295
21.2649	-5.91572	-56.4231
21.2761	-5.91186	-56.4156
21.2874	-5.90793	-56.4085
21.2986	-5.90287	-56.4032
21.3099	-5.89881	-56.3967
21.3212	-5.89363	-56.3921
21.3324	-5.88945	-56.3863
21.3437	-5.88519	-56.3808
21.3549	-5.87984	-56.377
21.3662	-5.87547	-56.3721
21.3774	-5.87	-56.3688
21.3887	-5.86448	-56.3657
21.4	-5.86095	-56.3601
21.4112	-5.85532	-56.3574
21.4225	-5.85065	-56.3535
21.4337	-5.84492	-56.3511
21.445	-5.83913	-56.3488
21.4562	-5.8353	-56.344
21.4675	-5.82941	-56.3419
21.4787	-5.82348	-56.3398
21.49	-5.81849	-56.3364
21.5012	-5.81247	-56.3343
21.5125	-5.80836	-56.3298
21.5238	-5.80224	-56.3276
21.535	-5.79608	-56.3254
21.5463	-5.79084	-56.3219
21.5575	-5.78459	-56.3194
21.5688	-5.77926	-56.3157
21.58	-5.77387	-56.3117
21.5913	-5.76749	-56.3087
21.6026	-5.76201	-56.3044
21.6138	-5.75554	-56.301
21.6251	-5.74904	-56.2972
21.6363	-5.74435	-56.2911
21.6476	-5.73776	-56.2868
21.6588	-5.73205	-56.2812
21.6701	-5.72538	-56.2762
21.6813	-5.71867	-56.2708
21.6926	-5.71372	-56.2632
21.7039	-5.70693	-56.257
21.7151	-5.70009	-56.2505
21.7264	-5.69411	-56.2425
21.7376	-5.6872	-56.2351
21.7489	-5.68201	-56.2254
21.7601	-5.67502	-56.2171
21.7714	-5.668	-56.2082
21.7826	-5.66181	-56.1981
21.7939	-5.65471	-56.1883
21.8052	-5.64843	-56.1772
21.8164	-5.64211	-56.1656
21.8277	-5.63492	-56.1542
21.8389	-5.62853	-56.1416
21.8502	-5.62127	-56.1293
21.8614	-5.614	-56.1164
21.8727	-5.60834	-56.1016
21.8839	-5.601	-56.0878
21.8952	-5.59446	-56.0728
21.9065	-5.58708	-56.0579
21.9177	-5.57968	-56.0426
21.929	-5.57386	-56.0255
21.9402	-5.56643	-56.0092
21.9515	-5.55899	-55.9923
21.9627	-5.55233	-55.9745
21.974	-5.54488	-55.9567
21.9852	-5.53897	-55.9375
21.9965	-5.53151	-55.9189
22.0078	-5.52406	-55.8999
22.019	-5.51737	-55.88
22.0303	-5.50993	-55.8602
22.0415	-5.50324	-55.8395
22.0528	-5.49657	-55.8184
22.064	-5.48918	-55.7973
22.0753	-5.48254	-55.7755
22.0865	-5.47522	-55.7536
22.0978	-5.46794	-55.7314
22.1091	-5.4621	-55.7083
22.1203	-5.45489	-55.6855
22.1316	-5.44843	-55.662
22.1428	-5.44132	-55.6385
22.1541	-5.43426	-55.6147
22.1653	-5.42862	-55.5901
22.1766	-5.42168	-55.5657
22.1878	-5.41482	-55.5408
22.1991	-5.40871	-55.5156
22.2104	-5.40202	-55.4902
22.2216	-5.39671	-55.4642
22.2329	-5.39019	-55.4383
22.2441	-5.38376	-55.4122
22.2554	-5.37807	-55.3857
22.2666	-5.37184	-55.359
22.2779	-5.36633	-55.332
22.2891	-5.36092	-55.3047
22.3004	-5.355	-55.2772
22.3117	-5.34982	-55.2494
22.3229	-5.34415	-55.2214
22.3342	-5.33861	-55.1931
22.3454	-5.33437	-55.1646
22.3567	-5.32908	-55.1358
22.3679	-5.32449	-55.1068
22.3792	-5.31947	-55.0776
22.3904	-5.31457	-55.0481
22.4017	-5.31091	-55.0184
22.413	-5.30628	-54.9884
22.4242	-5.30178	-54.958
22.4355	-5.29798	-54.9275
22.4467	-5.29377	-54.8966
22.458	-5.29076	-54.8656
22.4692	-5.28684	-54.8342
22.4805	-5.28307	-54.8026
22.4917	-5.27995	-54.7708
22.503	-5.27645	-54.7388
22.5143	-5.27359	-54.7066
22.5255	-5.27086	-54.6741
22.5368	-5.26778	-54.6413
22.548	-5.26531	-54.6083
22.5593	-5.26251	-54.5749
22.5705	-5.25985	-54.5414
22.5818	-5.25825	-54.508
22.593	-5.25586	-54.4741
22.6043	-5.25405	-54.4402
22.6156	-5.25192	-54.4061
22.6268	-5.24991	-54.3719
22.6381	-5.24888	-54.3378
22.6493	-5.2471	-54.3033
22.6606	-5.24545	-54.2688
22.6718	-5.24433	-54.2342
22.6831	-5.24292	-54.1996
22.6943	-5.24241	-54.1652
22.7056	-5.24122	-54.1306
22.7169	-5.24013	-54.0961
22.7281	-5.23953	-54.0619
22.7394	-5.23864	-54.0277
22.7506	-5.23821	-53.9937
22.7619	-5.23785	-53.96
22.7731	-5.23723	-53.9262
22.7844	-5.23705	-53.8928
22.7956	-5.23661	-53.8595
22.8069	-5.23626	-53.8266
22.8182	-5.23667	-53.7942
22.8294	-5.23648	-53.7621
22.8407	-5.23669	-53.7305
22.8519	-5.23665	-53.6993
22.8632	-5.23669	-53.6685
22.8744	-5.2374	-53.6385
22.8857	-5.23757	-53.6088
22.8969	-5.23782	-53.5796
22.9082	-5.23844	-53.5512
22.9195	-5.23885	-53.5233
22.9307	-5.23989	-53.4963
22.942	-5.24045	-53.4699
22.9532	-5.24107	-53.4443
22.9645	-5.24203	-53.4196
22.9757	-5.2428	-53.3957
22.987	-5.24388	-53.3727
22.9982	-5.24502	-53.3505
23.0095	-5.24598	-53.3292
23.0208	-5.24726	-53.3088
23.032	-5.24838	-53.2893
23.0433	-5.2496	-53.2708
23.0545	-5.25133	-53.2533
23.0658	-5.25268	-53.2369
23.077	-5.25433	-53.2215
23.0883	-5.25584	-53.2072
23.0995	-5.25742	-53.194
23.1108	-5.25947	-53.1817
23.1221	-5.26119	-53.1705
23.1333	-5.26298	-53.1603
23.1446	-5.26505	-53.1511
23.1558	-5.26702	-53.1429
23.1671	-5.26943	-53.1356
23.1783	-5.27156	-53.1295
23.1896	-5.27378	-53.1245
23.2008	-5.27624	-53.1204
23.2121	-5.27861	-53.1174
23.2234	-5.28121	-53.1154
23.2346	-5.28386	-53.1141
23.2459	-5.28643	-53.114
23.2571	-5.28924	-53.1145
23.2684	-5.29196	-53.116
23.2796	-5.29477	-53.1184
23.2909	-5.29793	-53.1212
23.3022	-5.30087	-53.1252
23.3134	-5.304	-53.1298
23.3247	-5.30706	-53.1355
23.3359	-5.31017	-53.1419
23.3472	-5.31356	-53.1484
23.3584	-5.31674	-53.1561
23.3697	-5.31996	-53.1643
23.3809	-5.32334	-53.1728
23.3922	-5.32664	-53.1821
23.4035	-5.33019	-53.1913
23.4147	-5.33352	-53.2017
23.426	-5.33687	-53.2126
23.4372	-5.34032	-53.2236
23.4485	-5.34366	-53.2355
23.4597	-5.34707	-53.2473
23.471	-5.35044	-53.2595
23.4822	-5.35368	-53.2724
23.4935	-5.35698	-53.2851
23.5048	-5.36014	-53.2985
23.516	-5.36326	-53.3122
23.5273	-5.36647	-53.3251
23.5385	-5.36944	-53.3393
23.5498	-5.3724	-53.3533
23.561	-5.37518	-53.3681
23.5723	-5.37785	-53.3831
23.5835	-5.38053	-53.3971
23.5948	-5.38294	-53.4124
23.6061	-5.38523	-53.4277
23.6173	-5.38745	-53.4427
23.6286	-5.38947	-53.4584
23.6398	-5.39145	-53.4731
23.6511	-5.39315	-53.4893
23.6623	-5.39467	-53.5058
23.6736	-5.39607	-53.5219
23.6848	-5.39721	-53.539
23.6961	-5.3982	-53.5558
23.7074	-5.39897	-53.5728
23.7186	-5.3995	-53.5907
23.7299	-5.39986	-53.6082
23.7411	-5.39997	-53.6269
23.7524	-5.39987	-53.6459
23.7636	-5.39961	-53.6642
