1.62381	-0.392908	14.1887
1.63507	-0.403065	14.3443
1.64632	-0.41301	14.5016
1.65758	-0.422744	14.6604
1.66883	-0.432259	14.8205
1.68009	-0.441557	14.9818
1.69135	-0.450635	15.1442
1.7026	-0.459465	15.3076
1.71386	-0.4681	15.4716
1.72511	-0.476521	15.6364
1.73637	-0.484733	15.8017
1.74762	-0.492748	15.9673
1.75888	-0.500572	16.1333
1.77014	-0.508211	16.2994
1.78139	-0.515676	16.4654
1.79265	-0.522971	16.6314
1.8039	-0.530109	16.7971
1.81516	-0.537062	16.9625
1.82641	-0.543907	17.1275
1.83767	-0.550627	17.292
1.84892	-0.557232	17.4559
1.86018	-0.5637	17.6193
1.87144	-0.570121	17.7819
1.88269	-0.576473	17.9437
1.89395	-0.582768	18.1046
1.9052	-0.589016	18.2646
1.91646	-0.595232	18.4237
1.92771	-0.601428	18.5817
1.93897	-0.607574	18.7388
1.95023	-0.613768	18.8948
1.96148	-0.619976	19.0498
1.97274	-0.626216	19.2037
1.98399	-0.6325	19.3565
1.99525	-0.638841	19.5083
2.0065	-0.645207	19.659
2.01776	-0.651749	19.8086
2.02901	-0.658281	19.9572
2.04027	-0.664963	20.1048
2.05153	-0.671757	20.2513
2.06278	-0.678666	20.3968
2.07404	-0.685641	20.5414
2.08529	-0.692855	20.685
2.09655	-0.700094	20.8278
2.1078	-0.707592	20.9698
2.11906	-0.715133	21.111
2.13032	-0.722943	21.2514
2.14157	-0.730802	21.3911
2.15283	-0.738881	21.5301
2.16408	-0.747069	21.6686
2.17534	-0.755542	21.8063
2.18659	-0.764063	21.9436
2.19785	-0.77287	22.0802
2.2091	-0.781719	22.2166
2.22036	-0.790735	22.3526
2.23162	-0.800049	22.4882
2.24287	-0.809404	22.6236
2.25413	-0.819056	22.7585
2.26538	-0.828741	22.8934
2.27664	-0.838651	23.028
2.28789	-0.84865	23.1625
2.29915	-0.858934	23.2968
2.31041	-0.869224	23.4311
2.32166	-0.879792	23.5651
2.33292	-0.890352	23.6993
2.34417	-0.901183	23.8334
2.35543	-0.911926	23.9677
2.36668	-0.92301	24.1019
2.37794	-0.934065	24.2362
2.38919	-0.945372	24.3705
2.40045	-0.956633	24.5049
2.41171	-0.968139	24.6393
2.42296	-0.979579	24.7739
2.43422	-0.991256	24.9085
2.44547	-1.00285	25.0433
2.45673	-1.01467	25.178
2.46798	-1.02639	25.3131
2.47924	-1.03817	25.4482
2.4905	-1.05017	25.5832
2.50175	-1.06205	25.7185
2.51301	-1.07414	25.8536
2.52426	-1.08609	25.989
2.53552	-1.09825	26.1242
2.54677	-1.11026	26.2596
2.55803	-1.1223	26.395
2.56928	-1.13435	26.5303
2.58054	-1.14659	26.6655
2.5918	-1.15866	26.8008
2.60305	-1.17093	26.9358
2.61431	-1.18303	27.0709
2.62556	-1.19531	27.2057
2.63682	-1.20742	27.3405
2.64807	-1.2197	27.475
2.65933	-1.23181	27.6094
2.67059	-1.2441	27.7435
2.68184	-1.2562	27.8774
2.6931	-1.26849	28.011
2.70435	-1.28059	28.1445
2.71561	-1.29268	28.2776
2.72686	-1.30497	28.4103
2.73812	-1.31707	28.5428
2.74937	-1.32936	28.6748
2.76063	-1.34145	28.8066
2.77189	-1.35376	28.9379
2.78314	-1.36586	29.069
2.7944	-1.37796	29.1997
2.80565	-1.39008	29.3299
2.81691	-1.40241	29.4597
2.82816	-1.41455	29.5892
2.83942	-1.42692	29.7181
2.85068	-1.43909	29.8468
2.86193	-1.45149	29.9749
2.87319	-1.4637	30.1028
2.88444	-1.47615	30.2301
2.8957	-1.48841	30.3573
2.90695	-1.50092	30.4839
2.91821	-1.51323	30.6102
2.92946	-1.52581	30.7361
2.94072	-1.5382	30.8618
2.95198	-1.55062	30.9871
2.96323	-1.56332	31.112
2.97449	-1.57582	31.2367
2.98574	-1.58861	31.361
2.997	-1.6012	31.4851
3.00825	-1.61384	31.609
3.01951	-1.62676	31.7325
3.03077	-1.6395	31.856
3.04202	-1.65229	31.9792
3.05328	-1.66537	32.1021
3.06453	-1.67826	32.225
3.07579	-1.69145	32.3476
3.08704	-1.70445	32.4703
3.0983	-1.71775	32.5926
3.10955	-1.73086	32.715
3.12081	-1.74427	32.8372
3.13207	-1.75749	32.9595
3.14332	-1.77101	33.0815
3.15458	-1.78433	33.2038
3.16583	-1.79796	33.3258
3.17709	-1.81138	33.4481
3.18834	-1.82485	33.5703
3.1996	-1.83864	33.6925
3.21086	-1.85221	33.8149
3.22211	-1.8661	33.9371
3.23337	-1.87978	34.0596
3.24462	-1.89349	34.1822
3.25588	-1.90725	34.3049
3.26713	-1.92133	34.4275
3.27839	-1.93518	34.5504
3.28964	-1.94935	34.6733
3.3009	-1.96329	34.7964
3.31216	-1.97754	34.9196
3.32341	-1.99156	35.043
3.33467	-2.00591	35.1664
3.34592	-2.02	35.2901
3.35718	-2.03443	35.4138
3.36843	-2.0486	35.5377
3.37969	-2.0631	35.6616
3.39095	-2.07735	35.7858
3.4022	-2.09193	35.91
3.41346	-2.10625	36.0344
3.42471	-2.12061	36.159
3.43597	-2.1353	36.2835
3.44722	-2.14973	36.4082
3.45848	-2.1645	36.5329
3.46973	-2.179	36.6578
3.48099	-2.19354	36.7828
3.49225	-2.20812	36.9079
3.5035	-2.22304	37.0328
3.51476	-2.2377	37.158
3.52601	-2.2527	37.283
3.53727	-2.26743	37.4082
3.54852	-2.28253	37.5333
3.55978	-2.29734	37.6586
3.57104	-2.31252	37.7837
3.58229	-2.32743	37.9089
3.59355	-2.34271	38.034
3.6048	-2.35771	38.1593
3.61606	-2.37309	38.2843
3.62731	-2.38819	38.4095
3.63857	-2.40368	38.5344
3.64982	-2.4189	38.6595
3.66108	-2.4345	38.7843
3.67234	-2.44983	38.9093
3.68359	-2.46522	39.0342
3.69485	-2.48101	39.1589
3.7061	-2.49653	39.2837
3.71736	-2.51212	39.4083
3.72861	-2.52777	39.5329
3.73987	-2.54385	39.6573
3.75113	-2.55965	39.7817
3.76238	-2.57588	39.9058
3.77364	-2.59184	40.03
3.78489	-2.60823	40.1539
3.79615	-2.62434	40.2779
3.8074	-2.6409	40.4016
3.81866	-2.65718	40.5255
3.82991	-2.67391	40.649
3.84117	-2.69037	40.7725
3.85243	-2.70728	40.8958
3.86368	-2.72392	41.0191
3.87494	-2.74102	41.1422
3.88619	-2.75783	41.2653
3.89745	-2.77512	41.3881
3.9087	-2.79212	41.511
3.91996	-2.80921	41.6338
3.93122	-2.8264	41.7565
3.94247	-2.84369	41.8791
3.95373	-2.86146	42.0014
3.96498	-2.87895	42.1238
3.97624	-2.89692	42.2458
3.98749	-2.9146	42.3679
3.99875	-2.93276	42.4898
4.01	-2.95063	42.6117
4.02126	-2.9686	42.7335
4.03252	-2.98747	42.8548
4.04377	-3.00563	42.9764
4.05503	-3.0239	43.0979
4.06628	-3.04226	43.2193
4.07754	-3.06155	43.3402
4.08879	-3.08011	43.4613
4.10005	-3.09877	43.5822
4.11131	-3.11753	43.7031
4.12256	-3.13679	43.8236
4.13382	-3.15616	43.9439
4.14507	-3.1752	44.0643
4.15633	-3.19433	44.1846
4.16758	-3.21356	44.3047
4.17884	-3.23331	44.4245
4.19009	-3.25273	44.5442
4.20135	-3.27224	44.6638
4.21261	-3.29184	44.7831
4.22386	-3.31241	44.9019
4.23512	-3.33219	45.0208
4.24637	-3.35206	45.1395
4.25763	-3.37202	45.258
4.26888	-3.39295	45.3759
4.28014	-3.41308	45.4939
4.2914	-3.4333	45.6117
4.30265	-3.4536	45.7293
4.31391	-3.47491	45.8462
4.32516	-3.49539	45.9631
4.33642	-3.51595	46.0798
4.34767	-3.5366	46.1962
4.35893	-3.55779	46.312
4.37018	-3.5786	46.4278
4.38144	-3.59996	46.543
4.3927	-3.62093	46.6581
4.40395	-3.64198	46.7729
4.41521	-3.66358	46.8872
4.42646	-3.6848	47.0013
4.43772	-3.7061	47.1151
4.44897	-3.72748	47.2285
4.46023	-3.74991	47.341
4.47149	-3.77145	47.4536
4.48274	-3.79307	47.5658
4.494	-3.81477	47.6776
4.50525	-3.83753	47.7886
4.51651	-3.85938	47.8996
4.52776	-3.88131	48.0102
4.53902	-3.90332	48.1204
4.55027	-3.92642	48.2298
4.56153	-3.9486	48.3391
4.57279	-3.97085	48.448
4.58404	-3.99317	48.5565
4.5953	-4.01609	48.6642
4.60655	-4.03856	48.7718
4.61781	-4.06112	48.8789
4.62906	-4.08374	48.9856
4.64032	-4.10696	49.0916
4.65158	-4.13025	49.1972
4.66283	-4.1531	49.3026
4.67409	-4.17603	49.4076
4.68534	-4.19902	49.512
4.6966	-4.22316	49.6155
4.70785	-4.2463	49.7191
4.71911	-4.27005	49.822
4.73037	-4.29279	49.9249
4.74162	-4.31668	50.0269
4.75288	-4.34064	50.1284
4.76413	-4.36357	50.23
4.77539	-4.38767	50.3308
4.78664	-4.41185	50.4311
4.7979	-4.4361	50.5309
4.80915	-4.45929	50.6308
4.82041	-4.48367	50.7298
4.83167	-4.50812	50.8284
4.84292	-4.53263	50.9265
4.85418	-4.55606	51.0248
4.86543	-4.5807	51.1221
4.87669	-4.60425	51.2195
4.88794	-4.63016	51.3156
4.8992	-4.65383	51.4122
4.91046	-4.67873	51.508
4.92171	-4.70251	51.6038
4.93297	-4.72752	51.6987
4.94422	-4.75258	51.7933
4.95548	-4.77771	51.8874
4.96673	-4.80169	51.9817
4.97799	-4.82692	52.0751
4.98924	-4.85221	52.1681
5.0005	-4.87633	52.2613
5.01176	-4.90172	52.3536
5.02301	-4.92717	52.4456
5.03427	-4.95267	52.5371
5.04552	-4.977	52.6289
5.05678	-5.00259	52.7198
5.06803	-5.02824	52.8103
5.07929	-5.05394	52.9004
5.09055	-5.07843	52.9909
5.1018	-5.10421	53.0804
5.11306	-5.12878	53.1702
5.12431	-5.15592	53.2585
5.13557	-5.18058	53.3477
5.14682	-5.20655	53.4361
5.15808	-5.23129	53.5247
5.16933	-5.25736	53.6124
5.18059	-5.28347	53.6998
5.19185	-5.30963	53.7869
5.2031	-5.33452	53.8743
5.21436	-5.36076	53.9609
5.22561	-5.38704	54.0471
5.23687	-5.41204	54.1339
5.24812	-5.43841	54.2197
5.25938	-5.46483	54.3052
5.27064	-5.49129	54.3905
5.28189	-5.51646	54.4763
5.29315	-5.54301	54.5611
5.3044	-5.5696	54.6457
5.31566	-5.59625	54.73
5.32691	-5.62156	54.8148
5.33817	-5.64828	54.8987
5.34942	-5.67366	54.9832
5.36068	-5.70185	55.066
5.37194	-5.72732	55.1501
5.38319	-5.75422	55.2332
5.39445	-5.77976	55.317
5.4057	-5.80675	55.3998
5.41696	-5.83379	55.4824
5.42821	-5.85944	55.5656
5.43947	-5.88656	55.6479
5.45073	-5.91372	55.73
5.46198	-5.94093	55.812
5.47324	-5.96674	55.8947
5.48449	-5.99404	55.9764
5.49575	-6.02139	56.058
5.507	-6.04879	56.1395
5.51826	-6.07477	56.2217
5.52951	-6.10226	56.3029
5.54077	-6.1298	56.3841
5.55203	-6.15739	56.4651
5.56328	-6.18354	56.5468
5.57454	-6.21122	56.6276
5.58579	-6.23745	56.7091
5.59705	-6.26675	56.7889
5.6083	-6.29308	56.8703
5.61956	-6.32098	56.9507
5.63082	-6.3474	57.0318
5.64207	-6.3754	57.112
5.65333	-6.40347	57.1921
5.66458	-6.43003	57.2729
5.67584	-6.4582	57.3528
5.68709	-6.48643	57.4325
5.69835	-6.51471	57.5122
5.7096	-6.54148	57.5926
5.72086	-6.56989	57.6721
5.73212	-6.59836	57.7514
5.74337	-6.6269	57.8306
5.75463	-6.6539	57.9106
5.76588	-6.68257	57.9895
5.77714	-6.7113	58.0683
5.78839	-6.74011	58.1469
5.79965	-6.76735	58.2263
5.81091	-6.79628	58.3047
5.82216	-6.82529	58.3829
5.83342	-6.85438	58.461
5.84467	-6.8819	58.5398
5.85593	-6.91114	58.6175
5.86718	-6.9388	58.6961
5.87844	-6.96821	58.7735
5.88969	-6.99771	58.8506
5.90095	-7.0256	58.9286
5.91221	-7.05526	59.0053
5.92346	-7.08502	59.0818
5.93472	-7.11487	59.1582
5.94597	-7.1431	59.2353
5.95723	-7.17314	59.3112
5.96848	-7.2033	59.3869
5.97974	-7.23356	59.4623
5.991	-7.26217	59.5385
6.00225	-7.29265	59.6134
6.01351	-7.32323	59.688
6.02476	-7.35393	59.7624
6.03602	-7.38297	59.8374
6.04727	-7.41389	59.9112
6.05853	-7.44494	59.9847
6.06978	-7.47612	60.0579
6.08104	-7.50562	60.1318
6.0923	-7.53705	60.2044
6.10355	-7.56679	60.2778
6.11481	-7.59849	60.3497
6.12606	-7.63033	60.4212
6.13732	-7.66046	60.4936
6.14857	-7.69258	60.5645
6.15983	-7.72483	60.635
6.17109	-7.75724	60.7052
6.18234	-7.78791	60.7762
6.1936	-7.82061	60.8457
6.20485	-7.85347	60.9148
6.21611	-7.88649	60.9836
6.22736	-7.91776	61.0532
6.23862	-7.95109	61.1212
6.24987	-7.98459	61.1888
6.26113	-8.01826	61.256
6.27239	-8.05014	61.3241
6.28364	-8.08414	61.3905
6.2949	-8.1183	61.4566
6.30615	-8.15265	61.5222
6.31741	-8.18518	61.5888
6.32866	-8.21987	61.6536
6.33992	-8.25273	61.7194
6.35118	-8.28778	61.7834
6.36243	-8.323	61.8469
6.37369	-8.35638	61.9114
6.38494	-8.39197	61.974
6.3962	-8.42774	62.0362
6.40745	-8.46369	62.098
6.41871	-8.49776	62.1607
6.42997	-8.53409	62.2215
6.44122	-8.57061	62.2819
6.45248	-8.60732	62.3417
6.46373	-8.64211	62.4025
6.47499	-8.67919	62.4614
6.48624	-8.71647	62.5197
6.4975	-8.75393	62.5774
6.50875	-8.78944	62.6362
6.52001	-8.82727	62.6928
6.53127	-8.86531	62.749
6.54252	-8.90135	62.8061
6.55378	-8.93977	62.8612
6.56503	-8.97838	62.9156
6.57629	-9.01498	62.971
6.58754	-9.05397	63.0242
6.5988	-9.09316	63.0767
6.61005	-9.1303	63.1303
6.62131	-9.16987	63.1815
6.63257	-9.20963	63.232
6.64382	-9.24959	63.2819
6.65508	-9.28745	63.3328
6.66633	-9.3278	63.3813
6.67759	-9.36835	63.429
6.68884	-9.4091	63.476
6.7001	-9.44771	63.5241
6.71136	-9.48885	63.5694
6.72261	-9.53019	63.614
6.73387	-9.57172	63.6576
6.74512	-9.61107	63.7024
6.75638	-9.65299	63.7444
6.76763	-9.69511	63.7856
6.77889	-9.73501	63.8278
6.79014	-9.77753	63.8672
6.8014	-9.81781	63.9077
6.81266	-9.86072	63.9452
6.82391	-9.90384	63.9816
6.83517	-9.94717	64.0171
6.84642	-9.98821	64.0536
6.85768	-10.0319	64.087
6.86893	-10.0758	64.1194
6.88019	-10.12	64.1507
6.89145	-10.1618	64.1832
6.9027	-10.2063	64.2124
6.91396	-10.251	64.2404
6.92521	-10.296	64.2673
6.93647	-10.3386	64.2954
6.94772	-10.384	64.32
6.95898	-10.4295	64.3434
6.97023	-10.4753	64.3655
6.98149	-10.5187	64.389
6.99275	-10.5649	64.4087
7.004	-10.6113	64.4272
7.01526	-10.6553	64.4472
7.02651	-10.7022	64.4633
7.03777	-10.7465	64.4808
7.04902	-10.7938	64.4943
7.06028	-10.8413	64.5065
7.07154	-10.8891	64.5174
7.08279	-10.9343	64.5298
7.09405	-10.9824	64.538
7.1053	-11.0309	64.5449
7.11656	-11.0795	64.5504
7.12781	-11.1255	64.5576
7.13907	-11.1746	64.5605
7.15032	-11.2239	64.562
7.16158	-11.2735	64.562
7.17284	-11.3204	64.5638
7.18409	-11.3704	64.561
7.19535	-11.4207	64.5567
7.2066	-11.4712	64.551
7.21786	-11.5189	64.5474
7.22911	-11.5699	64.5389
7.24037	-11.6211	64.5289
7.25163	-11.6695	64.5212
7.26288	-11.7212	64.5084
7.27414	-11.77	64.4978
7.28539	-11.8222	64.4821
7.29665	-11.8746	64.4649
7.3079	-11.9272	64.4461
7.31916	-11.977	64.4297
7.33042	-12.0301	64.4081
7.34167	-12.0834	64.3849
7.35293	-12.137	64.3603
7.36418	-12.1877	64.3384
7.37544	-12.2418	64.3108
7.38669	-12.2962	64.2817
7.39795	-12.3508	64.2509
7.4092	-12.4024	64.2231
7.42046	-12.4575	64.1893
7.43172	-12.5129	64.1539
7.44297	-12.5686	64.1169
7.45423	-12.6211	64.0832
7.46548	-12.6772	64.0433
7.47674	-12.7336	64.0018
7.48799	-12.7869	63.9636
7.49925	-12.8438	63.919
7.51051	-12.8976	63.8778
7.52176	-12.9551	63.8299
7.53302	-13.0128	63.7803
7.54427	-13.0708	63.729
7.55553	-13.1255	63.6816
7.56678	-13.1841	63.6271
7.57804	-13.2429	63.5709
7.58929	-13.3019	63.513
7.60055	-13.3577	63.4594
7.61181	-13.4174	63.3982
7.62306	-13.4773	63.3353
7.63432	-13.5376	63.2705
7.64557	-13.5944	63.2103
7.65683	-13.6552	63.142
7.66808	-13.7163	63.0719
7.67934	-13.7777	63
7.6906	-13.8356	62.9332
7.70185	-13.8976	62.8578
7.71311	-13.9599	62.7805
7.72436	-14.0187	62.7085
7.73562	-14.0816	62.6276
7.74687	-14.141	62.5521
7.75813	-14.2045	62.4674
7.76938	-14.2685	62.3806
7.78064	-14.3327	62.2919
7.7919	-14.3932	62.209
7.80315	-14.4581	62.1164
7.81441	-14.5234	62.0217
7.82566	-14.589	61.9249
7.83692	-14.6508	61.8345
7.84817	-14.7171	61.7336
7.85943	-14.7838	61.6304
7.87069	-14.8509	61.525
7.88194	-14.9141	61.4265
7.8932	-14.9819	61.3167
7.90445	-15.0501	61.2046
7.91571	-15.1143	61.0997
7.92696	-15.1833	60.983
7.93822	-15.2526	60.8638
7.94947	-15.3224	60.7421
7.96073	-15.3881	60.6284
7.97199	-15.4587	60.5018
7.98324	-15.5252	60.3833
7.9945	-15.5966	60.2516
8.00575	-15.6684	60.1171
8.01701	-15.7361	59.9912
8.02826	-15.8088	59.8513
8.03952	-15.8866	59.6968
8.05078	-15.9509	59.5749
8.06203	-16.0297	59.4142
8.07329	-16.1042	59.2625
8.08454	-16.1745	59.1201
8.0958	-16.25	58.9622
8.10705	-16.3211	58.814
8.11831	-16.3976	58.6496
8.12956	-16.4745	58.4817
8.14082	-16.547	58.3241
8.15208	-16.6249	58.1492
8.16333	-16.7084	57.9561
8.17459	-16.7773	57.8029
8.18584	-16.8618	57.6017
8.1971	-16.9368	57.4265
8.20835	-17.0173	57.232
8.21961	-17.0984	57.0333
8.23087	-17.1749	56.8463
8.24212	-17.257	56.6389
8.25338	-17.3345	56.4435
8.26463	-17.4177	56.227
8.27589	-17.5069	55.9877
8.28714	-17.5805	55.7964
8.2984	-17.6709	55.5465
8.30965	-17.7564	55.309
8.32091	-17.837	55.0848
8.33217	-17.9237	54.8362
8.34342	-18.0054	54.6014
8.35468	-18.0932	54.341
8.36593	-18.1816	54.0742
8.37719	-18.265	53.8219
8.38844	-18.3545	53.5421
8.3997	-18.4504	53.2333
8.41096	-18.5296	52.9837
8.42221	-18.6267	52.6599
8.43347	-18.7069	52.3975
8.44472	-18.8052	52.0574
8.45598	-18.8983	51.7325
8.46723	-18.986	51.4241
8.47849	-19.0801	51.0824
8.48975	-19.1689	50.7577
8.501	-19.2641	50.3981
8.51226	-19.3661	50.0014
8.52351	-19.4502	49.6774
8.53477	-19.5532	49.2599
8.54602	-19.6506	48.8597
8.55728	-19.7423	48.4783
8.56853	-19.8407	48.0564
8.57979	-19.9333	47.6541
8.59105	-20.0326	47.209
8.6023	-20.1323	46.7515
8.61356	-20.226	46.3145
8.62481	-20.3265	45.8316
8.63607	-20.4336	45.3
8.64732	-20.5219	44.8604
8.65858	-20.6297	44.2994
8.66984	-20.7183	43.8348
8.68109	-20.8265	43.2429
8.69235	-20.9284	42.6729
8.7036	-21.0239	42.1269
8.71486	-21.1259	41.525
8.72611	-21.2214	40.9483
8.73737	-21.3232	40.3128
8.74862	-21.4314	39.615
8.75988	-21.5199	39.0331
8.77114	-21.6274	38.2974
8.78239	-21.7281	37.588
8.79365	-21.8219	36.9078
8.8049	-21.9215	36.1601
8.81616	-22.0141	35.4431
8.82741	-22.1123	34.6557
8.83867	-22.2095	33.8474
8.84993	-22.2995	33.0723
8.86118	-22.3945	32.2225
8.87244	-22.4941	31.2939
8.88369	-22.5744	30.5161
8.89495	-22.6709	29.5428
8.9062	-22.7483	28.7271
8.91746	-22.841	27.7085
8.92871	-22.9259	26.7286
8.93997	-23.0032	25.7911
8.95123	-23.0836	24.7687
8.96248	-23.1563	23.7917
8.97374	-23.2313	22.7278
8.98499	-23.3081	21.574
8.99625	-23.3679	20.6091
9.0075	-23.438	19.4145
9.01876	-23.5001	18.2715
9.03001	-23.5546	17.184
9.04127	-23.6094	16.0065
9.05253	-23.6567	14.8883
9.06378	-23.7035	13.6802
9.07504	-23.7459	12.458
9.08629	-23.7812	11.3009
9.09755	-23.8148	10.0552
9.1088	-23.8458	8.72034
9.12006	-23.8659	7.61481
9.13132	-23.887	6.26386
9.14257	-23.8986	5.14767
9.15383	-23.9094	3.78689
9.16508	-23.9139	2.50408
9.17634	-23.9128	1.30141
9.18759	-23.9074	0.0190109
9.19885	-23.897	-1.18004
9.2101	-23.8819	-2.45556
9.22136	-23.861	-3.80507
9.23262	-23.8376	-4.90723
9.24387	-23.8068	-6.23974
9.25513	-23.7723	-7.48208
9.26638	-23.7349	-8.63449
9.27764	-23.6917	-9.85239
9.28889	-23.6463	-10.9794
9.30015	-23.5948	-12.1681
9.31141	-23.5393	-13.3402
9.32266	-23.4828	-14.4207
9.33392	-23.42	-15.5575
9.34517	-23.3504	-16.747
9.35643	-23.2877	-17.7018
9.36768	-23.2115	-18.8496
9.37894	-23.1437	-19.7682
9.39019	-23.0616	-20.8725
9.40145	-22.9809	-21.8863
9.41271	-22.9065	-22.7477
9.42396	-22.8125	-23.8475
9.43522	-22.7343	-24.6691
9.44647	-22.6453	-25.5962
9.45773	-22.5547	-26.5009
9.46898	-22.4624	-27.3834
9.48024	-22.3688	-28.2436
9.4915	-22.2739	-29.0818
9.50275	-22.1883	-29.7871
9.51401	-22.0915	-30.5846
9.52526	-21.9939	-31.3608
9.53652	-21.8955	-32.1162
9.54777	-21.7965	-32.851
9.55903	-21.697	-33.5657
9.57028	-21.5971	-34.2607
9.58154	-21.4969	-34.9362
9.5928	-21.4076	-35.4992
9.60405	-21.3071	-36.1394
9.61531	-21.2066	-36.7615
9.62656	-21.1061	-37.366
9.63782	-21.0057	-37.9534
9.64907	-20.9166	-38.4399
9.66033	-20.8053	-39.0782
9.67159	-20.7168	-39.5361
9.68284	-20.6173	-40.0608
9.6941	-20.5182	-40.5706
9.70535	-20.4196	-41.0657
9.71661	-20.3214	-41.5467
9.72786	-20.2237	-42.014
9.73912	-20.1375	-42.3971
9.75037	-20.0409	-42.8397
9.76163	-19.9448	-43.2696
9.77289	-19.8493	-43.6875
9.78414	-19.7545	-44.0935
9.7954	-19.6712	-44.4243
9.80665	-19.5668	-44.8718
9.81791	-19.474	-45.2448
9.82916	-19.3926	-45.5473
9.84042	-19.3012	-45.9011
9.85168	-19.2105	-46.2452
9.86293	-19.1205	-46.58
9.87419	-19.0313	-46.9056
9.88544	-18.9533	-47.1679
9.8967	-18.8552	-47.5309
9.90795	-18.7786	-47.7787
9.91921	-18.6924	-48.072
9.93046	-18.607	-48.3576
9.94172	-18.5224	-48.6359
9.95298	-18.4385	-48.907
9.96423	-18.3554	-49.1711
9.97549	-18.2831	-49.3816
9.98674	-18.2016	-49.6334
9.998	-18.1208	-49.8789
10.0093	-18.0408	-50.1185
10.0205	-17.9615	-50.3523
10.0318	-17.8927	-50.5373
10.043	-17.8053	-50.803
10.0543	-17.7284	-51.0203
10.0655	-17.6617	-51.1917
10.0768	-17.5862	-51.3997
10.088	-17.5115	-51.6029
10.0993	-17.4374	-51.8014
10.1106	-17.3642	-51.9956
10.1218	-17.3009	-52.1478
10.1331	-17.2198	-52.3711
10.1443	-17.1487	-52.5528
10.1556	-17.0873	-52.6947
10.1668	-17.0176	-52.8694
10.1781	-16.9485	-53.0403
10.1893	-16.8801	-53.2076
10.2006	-16.8123	-53.3715
10.2119	-16.7541	-53.499
10.2231	-16.6877	-53.6569
10.2344	-16.6219	-53.8117
10.2456	-16.5567	-53.9637
10.2569	-16.4922	-54.1127
10.2681	-16.4368	-54.2281
10.2794	-16.365	-54.4024
10.2906	-16.3023	-54.5433
10.3019	-16.2486	-54.6521
10.3132	-16.187	-54.7883
10.3244	-16.1261	-54.9222
10.3357	-16.0656	-55.0538
10.3469	-16.0058	-55.183
10.3582	-15.9547	-55.2828
10.3694	-15.8877	-55.4353
10.3807	-15.8295	-55.5584
10.3919	-15.7798	-55.6532
10.4032	-15.7225	-55.7727
10.4145	-15.6658	-55.8904
10.4257	-15.6095	-56.0062
10.437	-15.5537	-56.1202
10.4482	-15.5062	-56.208
10.4595	-15.4513	-56.319
10.4707	-15.3968	-56.4285
10.482	-15.3428	-56.5364
10.4932	-15.2893	-56.6428
10.5045	-15.2437	-56.7247
10.5158	-15.1834	-56.8512
10.527	-15.131	-56.9533
10.5383	-15.0866	-57.0319
10.5495	-15.035	-57.1315
10.5608	-14.9838	-57.2299
10.572	-14.933	-57.327
10.5833	-14.8825	-57.4228
10.5945	-14.8397	-57.4968
10.6058	-14.7826	-57.6111
10.6171	-14.7332	-57.7035
10.6283	-14.6913	-57.7749
10.6396	-14.6425	-57.8653
10.6508	-14.594	-57.9547
10.6621	-14.5458	-58.043
10.6733	-14.4979	-58.1302
10.6846	-14.4573	-58.1978
10.6958	-14.41	-58.2833
10.7071	-14.3629	-58.3679
10.7184	-14.3161	-58.4515
10.7296	-14.2696	-58.5342
10.7409	-14.2302	-58.5983
10.7521	-14.1773	-58.6968
10.7634	-14.1315	-58.7768
10.7746	-14.0927	-58.8389
10.7859	-14.0474	-58.9171
10.7971	-14.0023	-58.9946
10.8084	-13.9574	-59.0713
10.8197	-13.9127	-59.147
10.8309	-13.8749	-59.206
10.8422	-13.824	-59.296
10.8534	-13.7799	-59.3692
10.8647	-13.7426	-59.4262
10.8759	-13.6989	-59.4979
10.8872	-13.6554	-59.5688
10.8984	-13.612	-59.6388
10.9097	-13.5689	-59.7079
10.921	-13.5322	-59.7617
10.9322	-13.4894	-59.8294
10.9435	-13.4467	-59.8962
10.9547	-13.4042	-59.9622
10.966	-13.3619	-60.0274
10.9772	-13.3259	-60.078
10.9885	-13.2776	-60.155
10.9997	-13.2357	-60.2176
11.011	-13.2001	-60.2661
11.0223	-13.1584	-60.3271
11.0335	-13.117	-60.3871
11.0448	-13.0756	-60.4463
11.056	-13.0344	-60.5046
11.0673	-12.9993	-60.5498
11.0785	-12.9524	-60.6186
11.0898	-12.9116	-60.6743
11.1011	-12.8768	-60.7172
11.1123	-12.8362	-60.7711
11.1236	-12.7958	-60.8241
11.1348	-12.7554	-60.8762
11.1461	-12.7152	-60.9273
11.1573	-12.681	-60.9663
11.1686	-12.641	-61.0157
11.1798	-12.6011	-61.0641
11.1911	-12.5614	-61.1116
11.2024	-12.5218	-61.1581
11.2136	-12.4879	-61.1931
11.2249	-12.4429	-61.248
11.2361	-12.4036	-61.2915
11.2474	-12.37	-61.324
11.2586	-12.331	-61.3655
11.2699	-12.2921	-61.4061
11.2811	-12.2533	-61.4457
11.2924	-12.2146	-61.4842
11.3037	-12.1815	-61.5123
11.3149	-12.1376	-61.5583
11.3262	-12.0993	-61.5937
11.3374	-12.0665	-61.619
11.3487	-12.0284	-61.6525
11.3599	-11.9904	-61.6849
11.3712	-11.9526	-61.7163
11.3824	-11.9148	-61.7465
11.3937	-11.8825	-61.7672
11.405	-11.8451	-61.7956
11.4162	-11.8077	-61.8228
11.4275	-11.7705	-61.849
11.4387	-11.7334	-61.8741
11.45	-11.7016	-61.8901
11.4612	-11.6597	-61.9211
11.4725	-11.623	-61.943
11.4837	-11.5915	-61.9561
11.495	-11.5551	-61.976
11.5063	-11.5189	-61.9948
11.5175	-11.4828	-62.0126
11.5288	-11.4468	-62.0293
11.54	-11.416	-62.0376
11.5513	-11.3753	-62.0595
11.5625	-11.3398	-62.0731
11.5738	-11.3094	-62.0785
11.585	-11.2741	-62.09
11.5963	-11.2391	-62.1005
11.6076	-11.2042	-62.1099
11.6188	-11.1695	-62.1183
11.6301	-11.1397	-62.119
11.6413	-11.1053	-62.1254
11.6526	-11.071	-62.1308
11.6638	-11.037	-62.1352
11.6751	-11.0031	-62.1385
11.6863	-10.9741	-62.1346
11.6976	-10.9358	-62.1422
11.7089	-10.9025	-62.1426
11.7201	-10.8739	-62.1358
11.7314	-10.8409	-62.1343
11.7426	-10.8081	-62.1318
11.7539	-10.7755	-62.1283
11.7651	-10.7431	-62.1239
11.7764	-10.7154	-62.1128
11.7876	-10.6788	-62.1122
11.7989	-10.647	-62.105
11.8102	-10.6198	-62.0912
11.8214	-10.5883	-62.0822
11.8327	-10.5571	-62.0722
11.8439	-10.526	-62.0614
11.8552	-10.4951	-62.0497
11.8664	-10.4689	-62.0318
11.8777	-10.4384	-62.0184
11.8889	-10.4082	-62.0042
11.9002	-10.3781	-61.9891
11.9115	-10.3483	-61.9732
11.9227	-10.323	-61.9515
11.934	-10.2893	-61.9389
11.9452	-10.2601	-61.9206
11.9565	-10.2354	-61.8966
11.9677	-10.2066	-61.8767
11.979	-10.1781	-61.8562
11.9902	-10.1497	-61.8348
12.0015	-10.1216	-61.8127
12.0128	-10.0979	-61.7853
12.024	-10.0702	-61.7618
12.0353	-10.0386	-61.7423
12.0465	-10.0155	-61.7129
12.0578	-9.98844	-61.6874
12.069	-9.96163	-61.6613
12.0803	-9.93504	-61.6345
12.0915	-9.90867	-61.6072
12.1028	-9.88656	-61.5749
12.1141	-9.86061	-61.5464
12.1253	-9.83489	-61.5173
12.1366	-9.80938	-61.4877
12.1478	-9.7841	-61.4576
12.1591	-9.76299	-61.4228
12.1703	-9.7342	-61.3958
12.1816	-9.70957	-61.3642
12.1928	-9.68908	-61.328
12.2041	-9.66487	-61.2955
12.2154	-9.64089	-61.2627
12.2266	-9.61712	-61.2293
12.2379	-9.59356	-61.1957
12.2491	-9.57406	-61.1576
12.2604	-9.55092	-61.1232
12.2716	-9.52419	-61.0924
12.2829	-9.50529	-61.0534
12.2941	-9.48279	-61.0181
12.3054	-9.4605	-60.9825
12.3167	-9.43842	-60.9466
12.3279	-9.41655	-60.9105
12.3392	-9.39861	-60.8704
12.3504	-9.37714	-60.8338
12.3617	-9.35588	-60.7971
12.3729	-9.33481	-60.7602
12.3842	-9.31395	-60.7232
12.3954	-9.29696	-60.6824
12.4067	-9.27283	-60.6487
12.418	-9.25258	-60.6113
12.4292	-9.23615	-60.5703
12.4405	-9.21627	-60.5327
12.4517	-9.19659	-60.4952
12.463	-9.1771	-60.4576
12.4742	-9.15781	-60.42
12.4855	-9.14228	-60.3789
12.4967	-9.12335	-60.3413
12.508	-9.10106	-60.3073
12.5193	-9.08606	-60.2663
12.5305	-9.06769	-60.2289
12.5418	-9.0495	-60.1915
12.553	-9.03149	-60.1543
12.5643	-9.01367	-60.1172
12.5755	-8.9995	-60.0767
12.5868	-8.98202	-60.0399
12.598	-8.96471	-60.0031
12.6093	-8.94757	-59.9666
12.6206	-8.9306	-59.9302
12.6318	-8.91723	-59.8906
12.6431	-8.89716	-59.8579
12.6543	-8.88069	-59.8221
12.6656	-8.86778	-59.7832
12.6768	-8.85162	-59.7478
12.6881	-8.83562	-59.7127
12.6993	-8.81978	-59.6778
12.7106	-8.80409	-59.6431
12.7219	-8.79191	-59.6055
12.7331	-8.77651	-59.5714
12.7444	-8.75792	-59.5408
12.7556	-8.74614	-59.5039
12.7669	-8.73117	-59.4703
12.7781	-8.71965	-59.4339
12.7894	-8.70164	-59.404
12.8006	-8.68709	-59.3713
12.8119	-8.67594	-59.3358
12.8232	-8.66164	-59.3038
12.8344	-8.64747	-59.2721
12.8457	-8.63343	-59.2407
12.8569	-8.6195	-59.2097
12.8682	-8.60894	-59.1759
12.8794	-8.59201	-59.1486
12.8907	-8.57844	-59.1186
12.902	-8.5682	-59.0858
12.9132	-8.55484	-59.0565
12.9245	-8.5416	-59.0275
12.9357	-8.52846	-58.9989
12.947	-8.51542	-58.9706
12.9582	-8.50566	-58.9397
12.9695	-8.49281	-58.9121
12.9807	-8.47689	-58.8879
12.992	-8.4674	-58.8581
13.0033	-8.45483	-58.8316
13.0145	-8.44548	-58.8025
13.0258	-8.42995	-58.7797
13.037	-8.41763	-58.7542
13.0483	-8.40851	-58.7263
13.0595	-8.39635	-58.7016
13.0708	-8.38426	-58.6773
13.082	-8.37224	-58.6533
13.0933	-8.36029	-58.6296
13.1046	-8.35149	-58.6035
13.1158	-8.33659	-58.5834
13.1271	-8.32485	-58.5608
13.1383	-8.31622	-58.5358
13.1496	-8.30458	-58.5139
13.1608	-8.29301	-58.4924
13.1721	-8.28148	-58.4712
13.1833	-8.27001	-58.4504
13.1946	-8.26161	-58.4271
13.2059	-8.25023	-58.4069
13.2171	-8.23589	-58.3898
13.2284	-8.22761	-58.3676
13.2396	-8.21637	-58.3484
13.2509	-8.20817	-58.3268
13.2621	-8.19402	-58.311
13.2734	-8.1829	-58.2927
13.2846	-8.1748	-58.2721
13.2959	-8.16374	-58.2545
13.3072	-8.15272	-58.2372
13.3184	-8.14174	-58.2202
13.3297	-8.13079	-58.2035
13.3409	-8.12281	-58.1844
13.3522	-8.10898	-58.1709
13.3634	-8.09812	-58.155
13.3747	-8.09021	-58.1368
13.3859	-8.0794	-58.1214
13.3972	-8.06862	-58.1063
13.4085	-8.05787	-58.0915
13.4197	-8.04714	-58.0769
13.431	-8.03932	-58.06
13.4422	-8.02863	-58.0459
13.4535	-8.01509	-58.0345
13.4647	-8.00733	-58.0183
13.476	-7.99671	-58.0049
13.4872	-7.98898	-57.9891
13.4985	-7.97554	-57.9785
13.5098	-7.96499	-57.9656
13.521	-7.95731	-57.9504
13.5323	-7.9468	-57.9379
13.5435	-7.93631	-57.9255
13.5548	-7.92584	-57.9132
13.566	-7.9154	-57.9012
13.5773	-7.90779	-57.8868
13.5885	-7.89457	-57.8773
13.5998	-7.88419	-57.8656
13.6111	-7.87664	-57.8516
13.6223	-7.8663	-57.8401
13.6336	-7.85599	-57.8286
13.6448	-7.8457	-57.8173
13.6561	-7.83543	-57.806
13.6673	-7.82796	-57.7924
13.6786	-7.81774	-57.7812
13.6898	-7.80477	-57.7724
13.7011	-7.79736	-57.759
13.7124	-7.78721	-57.7479
13.7236	-7.77983	-57.7345
13.7349	-7.76698	-57.7256
13.7461	-7.75692	-57.7145
13.7574	-7.74961	-57.7012
13.7686	-7.73959	-57.69
13.7799	-7.7296	-57.6788
13.7911	-7.71963	-57.6676
13.8024	-7.70969	-57.6563
13.8137	-7.70249	-57.6428
13.8249	-7.68991	-57.6335
13.8362	-7.68006	-57.622
13.8474	-7.67293	-57.6083
13.8587	-7.66314	-57.5965
13.8699	-7.65338	-57.5847
13.8812	-7.64366	-57.5728
13.8924	-7.63397	-57.5607
13.9037	-7.62697	-57.5465
13.915	-7.61734	-57.5342
13.9262	-7.60508	-57.5238
13.9375	-7.59817	-57.5091
13.9487	-7.58863	-57.4964
13.96	-7.58177	-57.4814
13.9712	-7.56967	-57.4703
13.9825	-7.56024	-57.457
13.9937	-7.55347	-57.4416
14.005	-7.54411	-57.4279
14.0163	-7.53479	-57.4141
14.0275	-7.5255	-57.4001
14.0388	-7.51625	-57.3859
14.05	-7.50963	-57.3696
14.0613	-7.49785	-57.3569
14.0725	-7.48871	-57.3421
14.0838	-7.48219	-57.3251
14.095	-7.47312	-57.3099
14.1063	-7.46409	-57.2944
14.1176	-7.45509	-57.2787
14.1288	-7.44614	-57.2629
14.1401	-7.43978	-57.2449
14.1513	-7.43089	-57.2286
14.1626	-7.41951	-57.2139
14.1738	-7.41324	-57.1953
14.1851	-7.40448	-57.1783
14.1963	-7.39828	-57.1593
14.2076	-7.38706	-57.1437
14.2189	-7.37841	-57.126
14.2301	-7.37232	-57.1063
14.2414	-7.36374	-57.0882
14.2526	-7.35521	-57.0699
14.2639	-7.34671	-57.0514
14.2751	-7.33826	-57.0327
14.2864	-7.33234	-57.012
14.2976	-7.32147	-56.9947
14.3089	-7.31313	-56.9753
14.3202	-7.30731	-56.954
14.3314	-7.29905	-56.9342
14.3427	-7.29083	-56.9143
14.3539	-7.28265	-56.8941
14.3652	-7.27451	-56.8738
14.3764	-7.26886	-56.8515
14.3877	-7.26079	-56.8308
14.3989	-7.25033	-56.8116
14.4102	-7.24479	-56.7889
14.4215	-7.23684	-56.7676
14.4327	-7.23136	-56.7445
14.444	-7.22107	-56.7246
14.4552	-7.21324	-56.7029
14.4665	-7.20787	-56.6793
14.4777	-7.20012	-56.6572
14.489	-7.1924	-56.635
14.5002	-7.18473	-56.6126
14.5115	-7.17711	-56.5901
14.5228	-7.17191	-56.5658
14.534	-7.16197	-56.5447
14.5453	-7.15445	-56.5219
14.5565	-7.14935	-56.4972
14.5678	-7.14191	-56.474
14.579	-7.13451	-56.4507
14.5903	-7.12714	-56.4273
14.6016	-7.11982	-56.4038
14.6128	-7.11489	-56.3785
14.6241	-7.10764	-56.3548
14.6353	-7.09809	-56.3326
14.6466	-7.09326	-56.3071
14.6578	-7.08613	-56.2831
14.6691	-7.08136	-56.2573
14.6803	-7.07197	-56.2348
14.6916	-7.06494	-56.2105
14.7029	-7.06027	-56.1845
14.7141	-7.05332	-56.16
14.7254	-7.0464	-56.1355
14.7366	-7.03953	-56.1108
14.7479	-7.03269	-56.0861
14.7591	-7.02819	-56.0598
14.7704	-7.02143	-56.035
14.7816	-7.01241	-56.0117
14.7929	-7.00799	-55.9852
14.8042	-7.00133	-55.9602
14.8154	-6.9947	-55.9351
14.8267	-6.9881	-55.91
14.8379	-6.98155	-55.8847
14.8492	-6.97729	-55.8578
14.8604	-6.9708	-55.8325
14.8717	-6.9621	-55.8087
14.8829	-6.95794	-55.7817
14.8942	-6.95156	-55.7562
14.9055	-6.94745	-55.7291
14.9167	-6.93888	-55.7052
14.928	-6.9326	-55.6795
14.9392	-6.92857	-55.6522
14.9505	-6.92234	-55.6264
14.9617	-6.91615	-55.6006
14.973	-6.90999	-55.5747
14.9842	-6.90387	-55.5487
14.9955	-6.89999	-55.5212
15.0068	-6.89393	-55.4951
15.018	-6.8857	-55.4707
15.0293	-6.88189	-55.443
15.0405	-6.87591	-55.4168
15.0518	-6.86997	-55.3905
15.063	-6.86405	-55.3641
15.0743	-6.85816	-55.3377
15.0855	-6.85448	-55.3096
15.0968	-6.84866	-55.283
15.1081	-6.8407	-55.258
15.1193	-6.8371	-55.2298
15.1306	-6.83136	-55.203
15.1418	-6.8278	-55.1747
15.1531	-6.81996	-55.1494
15.1643	-6.81429	-55.1225
15.1756	-6.8108	-55.0939
15.1868	-6.80519	-55.0667
15.1981	-6.7996	-55.0395
15.2094	-6.79405	-55.0122
15.2206	-6.78853	-54.9849
15.2319	-6.78515	-54.9559
15.2431	-6.77967	-54.9284
15.2544	-6.77211	-54.9024
15.2656	-6.76879	-54.8732
15.2769	-6.76338	-54.8455
15.2881	-6.758	-54.8177
15.2994	-6.75264	-54.7898
15.3107	-6.74731	-54.7618
15.3219	-6.74409	-54.7321
15.3332	-6.7388	-54.7039
15.3444	-6.73147	-54.6772
15.3557	-6.72831	-54.6473
15.3669	-6.7231	-54.6189
15.3782	-6.71998	-54.5889
15.3894	-6.71274	-54.5619
15.4007	-6.7076	-54.5333
15.412	-6.70453	-54.503
15.4232	-6.69942	-54.4741
15.4345	-6.69434	-54.4452
15.4457	-6.68929	-54.4162
15.457	-6.68426	-54.3871
15.4682	-6.6813	-54.3563
15.4795	-6.67631	-54.3271
15.4907	-6.66933	-54.2994
15.502	-6.66642	-54.2685
15.5133	-6.6615	-54.239
15.5245	-6.65862	-54.208
15.5358	-6.65174	-54.18
15.547	-6.64689	-54.1503
15.5583	-6.64408	-54.119
15.5695	-6.63928	-54.0892
15.5808	-6.63252	-54.0609
15.592	-6.62978	-54.0295
15.6033	-6.62506	-53.9995
15.6146	-6.62236	-53.968
15.6258	-6.61571	-53.9396
15.6371	-6.61107	-53.9095
15.6483	-6.60843	-53.8778
15.6596	-6.60384	-53.8477
15.6708	-6.59928	-53.8174
15.6821	-6.59475	-53.7872
15.6933	-6.59025	-53.7569
15.7046	-6.58774	-53.7251
15.7159	-6.58329	-53.6948
15.7271	-6.57693	-53.666
15.7384	-6.5745	-53.6341
15.7496	-6.57014	-53.6038
15.7609	-6.56775	-53.5718
15.7721	-6.56153	-53.5431
15.7834	-6.55727	-53.5127
15.7946	-6.55497	-53.4807
15.8059	-6.55077	-53.4503
15.8172	-6.5447	-53.4215
15.8284	-6.54249	-53.3895
15.8397	-6.5384	-53.3592
15.8509	-6.53625	-53.3272
15.8622	-6.53032	-53.2985
15.8734	-6.52634	-53.2682
15.8847	-6.52428	-53.2363
15.8959	-6.52036	-53.206
15.9072	-6.51648	-53.1758
15.9185	-6.51264	-53.1456
15.9297	-6.50884	-53.1154
15.941	-6.50695	-53.0836
15.9522	-6.50322	-53.0535
15.9635	-6.49766	-53.0251
15.9747	-6.49587	-52.9934
15.986	-6.49225	-52.9634
15.9972	-6.49053	-52.9319
16.0085	-6.48328	-52.9053
16.0198	-6.48348	-52.8721
16.031	-6.48001	-52.8423
16.0423	-6.47658	-52.8126
16.0535	-6.47135	-52.7845
16.0648	-6.46801	-52.7549
16.076	-6.46836	-52.722
16.0873	-6.46508	-52.6925
16.0985	-6.46	-52.6648
16.1098	-6.4568	-52.6354
16.1211	-6.45363	-52.6061
16.1323	-6.45412	-52.5735
16.1436	-6.4492	-52.546
16.1548	-6.44614	-52.5168
16.1661	-6.44311	-52.4878
16.1773	-6.44011	-52.4588
16.1886	-6.43894	-52.4282
16.1999	-6.436	-52.3994
16.2111	-6.4331	-52.3707
16.2224	-6.43022	-52.342
16.2336	-6.42737	-52.3134
16.2449	-6.42277	-52.2866
16.2561	-6.42354	-52.2548
16.2674	-6.42078	-52.2264
16.2786	-6.41804	-52.1981
16.2899	-6.41356	-52.1717
16.3011	-6.41087	-52.1436
16.3124	-6.41173	-52.1121
16.3237	-6.40908	-52.0842
16.3349	-6.4047	-52.0581
16.3462	-6.40209	-52.0304
16.3574	-6.3995	-52.0027
16.3687	-6.40042	-51.9717
16.3799	-6.39611	-51.9459
16.3912	-6.39357	-51.9185
16.4025	-6.39104	-51.8913
16.4137	-6.38852	-51.8641
16.425	-6.38775	-51.8352
16.4362	-6.38524	-51.8083
16.4475	-6.38274	-51.7814
16.4587	-6.38025	-51.7545
16.47	-6.37776	-51.7278
16.4812	-6.37527	-51.7012
16.4925	-6.3745	-51.6728
16.5038	-6.37201	-51.6464
16.515	-6.36953	-51.62
16.5263	-6.36534	-51.5955
16.5375	-6.36285	-51.5693
16.5488	-6.36375	-51.5396
16.56	-6.36123	-51.5136
16.5713	-6.35703	-51.4895
16.5825	-6.3545	-51.4637
16.5938	-6.35196	-51.4379
16.6051	-6.35277	-51.4086
16.6163	-6.34852	-51.3847
16.6276	-6.34594	-51.3592
16.6388	-6.34334	-51.3337
16.6501	-6.34072	-51.3083
16.6613	-6.33975	-51.2811
16.6726	-6.33709	-51.2558
16.6838	-6.3344	-51.2306
16.6951	-6.33169	-51.2054
16.7064	-6.32895	-51.1802
16.7176	-6.32618	-51.1551
16.7289	-6.32503	-51.1282
16.7401	-6.32221	-51.1031
16.7514	-6.31935	-51.0781
16.7626	-6.31483	-51.0549
16.7739	-6.31191	-51.0299
16.7851	-6.31221	-51.0013
16.7964	-6.30921	-50.9763
16.8077	-6.30455	-50.9532
16.8189	-6.30148	-50.9282
16.8302	-6.29837	-50.9032
16.8414	-6.29844	-50.8744
16.8527	-6.29362	-50.8512
16.8639	-6.29038	-50.826
16.8752	-6.2871	-50.8008
16.8864	-6.28377	-50.7756
16.8977	-6.28199	-50.7485
16.909	-6.27856	-50.7231
16.9202	-6.27508	-50.6977
16.9315	-6.27155	-50.6721
16.9427	-6.26797	-50.6465
16.954	-6.26434	-50.6207
16.9652	-6.26223	-50.593
16.9765	-6.25849	-50.567
16.9877	-6.2547	-50.5409
16.999	-6.25085	-50.5146
17.0103	-6.24539	-50.4901
17.0215	-6.24456	-50.4598
17.0328	-6.24054	-50.4331
17.044	-6.23491	-50.4081
17.0553	-6.23078	-50.381
17.0665	-6.22659	-50.3537
17.0778	-6.22543	-50.3226
17.089	-6.21958	-50.2967
17.1003	-6.21522	-50.2689
17.1116	-6.21079	-50.2407
17.1228	-6.20631	-50.2124
17.1341	-6.20329	-50.1819
17.1453	-6.19869	-50.1531
17.1566	-6.19402	-50.1241
17.1678	-6.1893	-50.0947
17.1791	-6.18451	-50.0651
17.1903	-6.17967	-50.0352
17.2016	-6.17627	-50.0032
17.2129	-6.1713	-49.9727
17.2241	-6.16628	-49.942
17.2354	-6.1612	-49.9109
17.2466	-6.15458	-49.8813
17.2579	-6.15236	-49.846
17.2691	-6.14711	-49.814
17.2804	-6.14033	-49.7834
17.2916	-6.13497	-49.7507
17.3029	-6.12955	-49.7177
17.3142	-6.12703	-49.6808
17.3254	-6.12004	-49.6488
17.3367	-6.11447	-49.6147
17.3479	-6.10885	-49.5803
17.3592	-6.10318	-49.5455
17.3704	-6.09892	-49.5085
17.3817	-6.09317	-49.4729
17.3929	-6.08736	-49.437
17.4042	-6.08152	-49.4007
17.4155	-6.07563	-49.364
17.4267	-6.0697	-49.327
17.438	-6.06516	-49.2877
17.4492	-6.05915	-49.2499
17.4605	-6.05312	-49.2116
17.4717	-6.04705	-49.1729
17.483	-6.03954	-49.1356
17.4942	-6.03622	-49.0926
17.5055	-6.03006	-49.0527
17.5168	-6.02248	-49.0142
17.528	-6.01628	-48.9735
17.5393	-6.01005	-48.9324
17.5505	-6.00657	-48.8874
17.5618	-5.99892	-48.8472
17.573	-5.99264	-48.8048
17.5843	-5.98635	-48.762
17.5955	-5.98004	-48.7188
17.6068	-5.97509	-48.6735
17.6181	-5.96877	-48.6294
17.6293	-5.96244	-48.585
17.6406	-5.95611	-48.5401
17.6518	-5.94978	-48.4949
17.6631	-5.94346	-48.4492
17.6743	-5.93847	-48.4014
17.6856	-5.93214	-48.3549
17.6968	-5.92583	-48.308
17.7081	-5.91952	-48.2606
17.7194	-5.91192	-48.2146
17.7306	-5.90827	-48.1631
17.7419	-5.90201	-48.1145
17.7531	-5.89577	-48.0656
17.7644	-5.88825	-48.018
17.7756	-5.88205	-47.9683
17.7869	-5.87846	-47.9149
17.7981	-5.87102	-47.8661
17.8094	-5.86491	-47.8153
17.8207	-5.85882	-47.7641
17.8319	-5.85276	-47.7125
17.8432	-5.84801	-47.659
17.8544	-5.84202	-47.6067
17.8657	-5.83607	-47.5541
17.8769	-5.83016	-47.5013
17.8882	-5.82429	-47.448
17.8994	-5.81847	-47.3945
17.9107	-5.81393	-47.339
17.922	-5.80819	-47.2848
17.9332	-5.8025	-47.2304
17.9445	-5.79686	-47.1756
17.9557	-5.79004	-47.1223
17.967	-5.78695	-47.0637
17.9782	-5.78147	-47.0082
17.9895	-5.77604	-46.9525
18.0007	-5.76946	-46.8982
18.012	-5.76415	-46.842
18.0233	-5.76129	-46.7823
18.0345	-5.75491	-46.7274
18.0458	-5.74978	-46.6707
18.057	-5.74471	-46.6137
18.0683	-5.73971	-46.5567
18.0795	-5.73595	-46.4978
18.0908	-5.73109	-46.4405
18.1021	-5.72629	-46.383
18.1133	-5.72156	-46.3255
18.1246	-5.7169	-46.2678
18.1358	-5.71232	-46.2101
18.1471	-5.70895	-46.1507
18.1583	-5.70451	-46.0929
18.1696	-5.70014	-46.035
18.1808	-5.69585	-45.9772
18.1921	-5.69051	-45.9209
18.2034	-5.68863	-45.8598
18.2146	-5.68457	-45.8019
18.2259	-5.68059	-45.7441
18.2371	-5.67558	-45.688
18.2484	-5.67176	-45.6303
18.2596	-5.67023	-45.5694
18.2709	-5.66548	-45.5136
18.2821	-5.6619	-45.4562
18.2934	-5.65841	-45.3988
18.3047	-5.65501	-45.3417
18.3159	-5.65277	-45.283
18.3272	-5.64953	-45.2261
18.3384	-5.64637	-45.1694
18.3497	-5.6433	-45.1128
18.3609	-5.64031	-45.0565
18.3722	-5.63741	-45.0003
18.3834	-5.63565	-44.9427
18.3947	-5.63291	-44.887
18.406	-5.63026	-44.8315
18.4172	-5.62769	-44.7762
18.4285	-5.62417	-44.7229
18.4397	-5.62384	-44.6648
18.451	-5.62152	-44.6103
18.4622	-5.61928	-44.5561
18.4735	-5.6161	-44.5039
18.4847	-5.61403	-44.4503
18.496	-5.61407	-44.3936
18.5073	-5.61215	-44.3406
18.5185	-5.6093	-44.2896
18.5298	-5.60753	-44.2372
18.541	-5.60585	-44.1851
18.5523	-5.60523	-44.1317
18.5635	-5.60369	-44.0803
18.5748	-5.60221	-44.0293
18.586	-5.60081	-43.9786
18.5973	-5.59947	-43.9283
18.6086	-5.5982	-43.8783
18.6198	-5.59797	-43.827
18.6311	-5.59682	-43.7778
18.6423	-5.59573	-43.729
18.6536	-5.5947	-43.6805
18.6648	-5.59276	-43.6342
18.6761	-5.59375	-43.583
18.6873	-5.59288	-43.5357
18.6986	-5.59205	-43.4888
18.7099	-5.59032	-43.4442
18.7211	-5.58958	-43.3981
18.7324	-5.59076	-43.3489
18.7436	-5.59009	-43.3036
18.7549	-5.58852	-43.2606
18.7661	-5.58793	-43.2162
18.7774	-5.58736	-43.1723
18.7886	-5.58681	-43.1287
18.7999	-5.58721	-43.0838
18.8112	-5.5867	-43.0412
18.8224	-5.5853	-43.0008
18.8337	-5.58573	-42.9572
18.8449	-5.58436	-42.9178
18.8562	-5.58661	-42.8714
18.8674	-5.58525	-42.8329
18.8787	-5.58389	-42.7948
18.8899	-5.58433	-42.7535
18.9012	-5.58298	-42.7164
18.9125	-5.5834	-42.676
18.9237	-5.5838	-42.6362
18.935	-5.58242	-42.6005
18.9462	-5.58279	-42.5616
18.9575	-5.58138	-42.5269
18.9687	-5.5817	-42.489
18.98	-5.58199	-42.4516
18.9912	-5.58052	-42.4184
19.0025	-5.58074	-42.382
19.0138	-5.57922	-42.3499
19.025	-5.57766	-42.3183
19.0363	-5.57949	-42.2796
19.0475	-5.57786	-42.2491
19.0588	-5.57619	-42.219
19.07	-5.57617	-42.1857
19.0813	-5.57443	-42.1567
19.0925	-5.57599	-42.1206
19.1038	-5.57415	-42.0927
19.1151	-5.57227	-42.0652
19.1263	-5.57199	-42.0345
19.1376	-5.57001	-42.0081
19.1488	-5.56963	-41.9785
19.1601	-5.56919	-41.9493
19.1713	-5.56705	-41.9245
19.1826	-5.56649	-41.8964
19.1938	-5.56424	-41.8725
19.2051	-5.56355	-41.8454
19.2164	-5.56281	-41.8188
19.2276	-5.56039	-41.7965
19.2389	-5.55952	-41.7708
19.2501	-5.55699	-41.7495
19.2614	-5.5544	-41.7286
19.2726	-5.55494	-41.7006
19.2839	-5.55223	-41.6806
19.2951	-5.54946	-41.6611
19.3064	-5.54821	-41.6382
19.3177	-5.54533	-41.6195
19.3289	-5.54552	-41.5937
19.3402	-5.54252	-41.5758
19.3514	-5.53947	-41.5583
19.3627	-5.53791	-41.5375
19.3739	-5.53475	-41.5207
19.3852	-5.53306	-41.5006
19.3964	-5.53132	-41.4808
19.4077	-5.52798	-41.465
19.419	-5.52611	-41.4458
19.4302	-5.52267	-41.4305
19.4415	-5.52068	-41.4119
19.4527	-5.51864	-41.3935
19.464	-5.51504	-41.379
19.4752	-5.51289	-41.3611
19.4865	-5.50918	-41.347
19.4977	-5.50542	-41.3331
19.509	-5.50459	-41.3121
19.5203	-5.50073	-41.2985
19.5315	-5.49682	-41.285
19.5428	-5.49433	-41.2679
19.554	-5.49033	-41.2546
19.5653	-5.4892	-41.2341
19.5765	-5.4851	-41.2209
19.5878	-5.48096	-41.2077
19.599	-5.47822	-41.191
19.6103	-5.47399	-41.1778
19.6216	-5.47115	-41.161
19.6328	-5.46826	-41.1442
19.6441	-5.46389	-41.1309
19.6553	-5.4609	-41.114
19.6666	-5.45644	-41.1005
19.6778	-5.45337	-41.0834
19.6891	-5.45024	-41.0662
19.7003	-5.44566	-41.0524
19.7116	-5.44245	-41.0349
19.7229	-5.43778	-41.0208
19.7341	-5.43309	-41.0065
19.7454	-5.43112	-40.9852
19.7566	-5.42634	-40.9706
19.7679	-5.42152	-40.9557
19.7791	-5.41803	-40.9372
19.7904	-5.41314	-40.922
19.8017	-5.41093	-40.8997
19.8129	-5.40596	-40.8841
19.8242	-5.40096	-40.8681
19.8354	-5.39727	-40.8487
19.8467	-5.39219	-40.8323
19.8579	-5.38842	-40.8124
19.8692	-5.38461	-40.7923
19.8804	-5.37943	-40.7752
19.8917	-5.37554	-40.7546
19.903	-5.3703	-40.737
19.9142	-5.36634	-40.716
19.9255	-5.36235	-40.6947
19.9367	-5.35703	-40.6765
19.948	-5.35297	-40.6548
19.9592	-5.34759	-40.6361
19.9705	-5.34219	-40.6172
19.9817	-5.33933	-40.5919
19.993	-5.33388	-40.5726
20.0043	-5.32841	-40.553
20.0155	-5.3242	-40.5303
20.0268	-5.3187	-40.5104
20.038	-5.31569	-40.4842
20.0493	-5.31016	-40.464
20.0605	-5.30462	-40.4437
20.0718	-5.30031	-40.4202
20.083	-5.29476	-40.3996
20.0943	-5.29043	-40.376
20.1056	-5.28608	-40.3522
20.1168	-5.28051	-40.3313
20.1281	-5.27615	-40.3073
20.1393	-5.27059	-40.2863
20.1506	-5.26623	-40.2622
20.1618	-5.26187	-40.2381
20.1731	-5.25633	-40.2169
20.1843	-5.25198	-40.1928
20.1956	-5.24646	-40.1715
20.2069	-5.24096	-40.1502
20.2181	-5.23781	-40.1233
20.2294	-5.23234	-40.102
20.2406	-5.22805	-40.078
20.2519	-5.22262	-40.0568
20.2631	-5.21723	-40.0355
20.2744	-5.21414	-40.0089
20.2856	-5.2088	-39.9878
20.2969	-5.2035	-39.9667
20.3082	-5.19936	-39.943
20.3194	-5.19413	-39.9221
20.3307	-5.19006	-39.8986
20.3419	-5.18601	-39.8752
20.3532	-5.18089	-39.8546
20.3644	-5.17692	-39.8315
20.3757	-5.17189	-39.811
20.3869	-5.168	-39.7881
20.3982	-5.16415	-39.7653
20.4095	-5.15926	-39.7452
20.4207	-5.1555	-39.7227
20.432	-5.15072	-39.7029
20.4432	-5.14599	-39.6832
20.4545	-5.14343	-39.6586
20.4657	-5.13879	-39.6393
20.477	-5.13526	-39.6176
20.4882	-5.13073	-39.5985
20.4995	-5.12626	-39.5796
20.5108	-5.12391	-39.5559
20.522	-5.11954	-39.5373
20.5333	-5.11523	-39.5189
20.5445	-5.11199	-39.4983
20.5558	-5.10778	-39.4803
20.567	-5.10464	-39.46
20.5783	-5.10153	-39.4399
20.5895	-5.09747	-39.4224
20.6008	-5.09445	-39.4028
20.6121	-5.09049	-39.3857
20.6233	-5.08756	-39.3664
20.6346	-5.08466	-39.3473
20.6458	-5.08083	-39.3309
20.6571	-5.07801	-39.3122
20.6683	-5.07426	-39.2962
20.6796	-5.07056	-39.2803
20.6908	-5.0688	-39.2601
20.7021	-5.06516	-39.2447
20.7134	-5.06251	-39.2273
20.7246	-5.05893	-39.2123
20.7359	-5.05539	-39.1977
20.7471	-5.05376	-39.1787
20.7584	-5.05027	-39.1646
20.7696	-5.0468	-39.1507
20.7809	-5.04428	-39.1348
20.7921	-5.04086	-39.1215
20.8034	-5.03837	-39.1062
20.8147	-5.03589	-39.0913
20.8259	-5.03251	-39.0788
20.8372	-5.03005	-39.0644
20.8484	-5.02669	-39.0526
20.8597	-5.02424	-39.0389
20.8709	-5.02178	-39.0256
20.8822	-5.01844	-39.0147
20.8934	-5.01598	-39.002
20.9047	-5.01263	-38.9919
20.916	-5.00928	-38.982
20.9272	-5.00767	-38.9684
20.9385	-5.00431	-38.9593
20.9497	-5.0018	-38.9484
20.961	-4.99842	-38.9401
20.9722	-4.99502	-38.9321
20.9835	-4.99332	-38.9203
20.9947	-4.9899	-38.9131
21.006	-4.98646	-38.9063
21.0173	-4.98384	-38.8978
21.0285	-4.98036	-38.8917
21.0398	-4.9777	-38.884
21.051	-4.97501	-38.8767
21.0623	-4.97146	-38.8718
21.0735	-4.96872	-38.8653
21.0848	-4.96512	-38.8611
21.096	-4.96233	-38.8554
21.1073	-4.9595	-38.8501
21.1186	-4.95583	-38.8471
21.1298	-4.95294	-38.8426
21.1411	-4.94921	-38.8403
21.1523	-4.94546	-38.8384
21.1636	-4.94328	-38.8331
21.1748	-4.93946	-38.8319
21.1861	-4.93641	-38.8292
21.1973	-4.93253	-38.8287
21.2086	-4.92863	-38.8285
21.2199	-4.92626	-38.8249
21.2311	-4.92229	-38.8253
21.2424	-4.91829	-38.826
21.2536	-4.91502	-38.8252
21.2649	-4.91096	-38.8264
21.2761	-4.90763	-38.8261
21.2874	-4.90425	-38.826
21.2986	-4.90008	-38.8279
21.3099	-4.89663	-38.8283
21.3212	-4.89239	-38.8305
21.3324	-4.88886	-38.8313
21.3437	-4.8853	-38.8322
21.3549	-4.88094	-38.8348
21.3662	-4.8773	-38.8359
21.3774	-4.87288	-38.8387
21.3887	-4.86842	-38.8416
21.4	-4.86539	-38.8414
21.4112	-4.86085	-38.8443
21.4225	-4.85701	-38.8457
21.4337	-4.85239	-38.8486
21.445	-4.84774	-38.8515
21.4562	-4.84449	-38.8513
21.4675	-4.83976	-38.854
21.4787	-4.83499	-38.8566
21.49	-4.83089	-38.8576
21.5012	-4.82604	-38.8599
21.5125	-4.82256	-38.8593
21.5238	-4.81763	-38.8613
21.535	-4.81265	-38.8632
21.5463	-4.80833	-38.8634
21.5575	-4.80327	-38.8648
21.5688	-4.79886	-38.8647
21.58	-4.7944	-38.8643
21.5913	-4.78921	-38.8649
21.6026	-4.78466	-38.8639
21.6138	-4.77938	-38.864
21.6251	-4.77406	-38.8637
21.6363	-4.77004	-38.8606
21.6476	-4.76463	-38.8597
21.6588	-4.75984	-38.8573
21.6701	-4.75434	-38.8556
21.6813	-4.74879	-38.8536
21.6926	-4.74452	-38.849
21.7039	-4.73888	-38.8462
21.7151	-4.73321	-38.843
21.7264	-4.72814	-38.8384
21.7376	-4.72238	-38.8344
21.7489	-4.71786	-38.828
21.7601	-4.71203	-38.8232
21.7714	-4.70616	-38.818
21.7826	-4.70088	-38.8114
21.7939	-4.69493	-38.8054
21.8052	-4.68958	-38.798
21.8164	-4.68419	-38.7902
21.8277	-4.67815	-38.7828
21.8389	-4.6727	-38.7742
21.8502	-4.66662	-38.7661
21.8614	-4.66051	-38.7575
21.8727	-4.65559	-38.7469
21.8839	-4.64944	-38.7375
21.8952	-4.64388	-38.727
21.9065	-4.63771	-38.7169
21.9177	-4.63152	-38.7063
21.929	-4.6265	-38.6939
21.9402	-4.62031	-38.6825
21.9515	-4.61412	-38.6707
21.9627	-4.60851	-38.6579
21.974	-4.60235	-38.6453
21.9852	-4.59731	-38.6312
21.9965	-4.59116	-38.618
22.0078	-4.58504	-38.6044
22.019	-4.57948	-38.5899
22.0303	-4.5734	-38.5756
22.0415	-4.56788	-38.5603
22.0528	-4.5624	-38.5447
22.064	-4.55641	-38.5293
22.0753	-4.551	-38.5129
22.0865	-4.54512	-38.4967
22.0978	-4.53929	-38.4802
22.1091	-4.53454	-38.4625
22.1203	-4.52882	-38.4452
22.1316	-4.52366	-38.4273
22.1428	-4.51806	-38.4094
22.1541	-4.51254	-38.3911
22.1653	-4.50806	-38.3717
22.1766	-4.50268	-38.3526
22.1878	-4.49739	-38.3331
22.1991	-4.49267	-38.313
22.2104	-4.48757	-38.2928
22.2216	-4.4835	-38.2717
22.2329	-4.47858	-38.2508
22.2441	-4.47376	-38.2295
22.2554	-4.4695	-38.2077
22.2666	-4.46488	-38.1856
22.2779	-4.46082	-38.163
22.2891	-4.45685	-38.1401
22.3004	-4.45256	-38.1168
22.3117	-4.44881	-38.093
22.3229	-4.44476	-38.0689
22.3342	-4.44082	-38.0444
22.3454	-4.43784	-38.0194
22.3567	-4.43414	-37.9941
22.3679	-4.43097	-37.9684
22.3792	-4.42751	-37.9424
22.3904	-4.42416	-37.916
22.4017	-4.42173	-37.8891
22.413	-4.41861	-37.8618
22.4242	-4.41562	-37.8341
22.4355	-4.41315	-37.806
22.4467	-4.41041	-37.7774
22.458	-4.40854	-37.7485
22.4692	-4.40604	-37.7192
22.4805	-4.40366	-37.6895
22.4917	-4.40176	-37.6595
22.503	-4.39961	-37.6291
22.5143	-4.39793	-37.5984
22.5255	-4.39634	-37.5673
22.5368	-4.39452	-37.5358
22.548	-4.39315	-37.504
22.5593	-4.39156	-37.4718
22.5705	-4.39007	-37.4393
22.5818	-4.38934	-37.4067
22.593	-4.38806	-37.3737
22.6043	-4.3872	-37.3406
22.6156	-4.38612	-37.3072
22.6268	-4.38513	-37.2737
22.6381	-4.38482	-37.2401
22.6493	-4.38401	-37.2062
22.6606	-4.38328	-37.1722
22.6718	-4.38293	-37.1381
22.6831	-4.38238	-37.1039
22.6943	-4.38246	-37.0699
22.7056	-4.38208	-37.0358
22.7169	-4.38176	-37.0017
22.7281	-4.38178	-36.9678
22.7394	-4.38162	-36.9339
22.7506	-4.38176	-36.9003
22.7619	-4.38195	-36.8669
22.7731	-4.38196	-36.8335
22.7844	-4.38228	-36.8004
22.7956	-4.38243	-36.7675
22.8069	-4.38265	-36.735
22.8182	-4.38336	-36.703
22.8294	-4.3837	-36.6712
22.8407	-4.38429	-36.64
22.8519	-4.38474	-36.6092
22.8632	-4.38524	-36.5789
22.8744	-4.38616	-36.5493
22.8857	-4.38676	-36.5201
22.8969	-4.38742	-36.4914
22.9082	-4.38831	-36.4634
22.9195	-4.3891	-36.436
22.9307	-4.39028	-36.4096
22.942	-4.39118	-36.3837
22.9532	-4.39213	-36.3586
22.9645	-4.3933	-36.3345
22.9757	-4.39437	-36.3111
22.987	-4.39564	-36.2887
22.9982	-4.39695	-36.2672
23.0095	-4.39819	-36.2464
23.0208	-4.39963	-36.2267
23.032	-4.401	-36.2077
23.0433	-4.40245	-36.1898
23.0545	-4.40421	-36.1731
23.0658	-4.40578	-36.1572
23.077	-4.40755	-36.1425
23.0883	-4.40926	-36.1288
23.0995	-4.41103	-36.1162
23.1108	-4.41308	-36.1047
23.1221	-4.41498	-36.0941
23.1333	-4.41695	-36.0846
23.1446	-4.4191	-36.076
23.1558	-4.42123	-36.0686
23.1671	-4.42362	-36.0621
23.1783	-4.4259	-36.0568
23.1896	-4.42827	-36.0525
23.2008	-4.43078	-36.0493
23.2121	-4.43329	-36.0472
23.2234	-4.43594	-36.046
23.2346	-4.43865	-36.0458
23.2459	-4.44135	-36.0466
23.2571	-4.4442	-36.0483
23.2684	-4.44706	-36.0509
23.2796	-4.45	-36.0544
23.2909	-4.45313	-36.0587
23.3022	-4.45621	-36.064
23.3134	-4.45941	-36.0702
23.3247	-4.46262	-36.0773
23.3359	-4.46587	-36.0853
23.3472	-4.46928	-36.0939
23.3584	-4.47263	-36.1033
23.3697	-4.47604	-36.1135
23.3809	-4.47955	-36.1242
23.3922	-4.48305	-36.1358
23.4035	-4.48668	-36.1477
23.4147	-4.49027	-36.1605
23.426	-4.49388	-36.1741
23.4372	-4.49755	-36.188
23.4485	-4.5012	-36.2028
23.4597	-4.50489	-36.218
23.471	-4.50856	-36.2336
23.4822	-4.51221	-36.2499
23.4935	-4.51588	-36.2664
23.5048	-4.51952	-36.2835
23.516	-4.52314	-36.3011
23.5273	-4.52679	-36.3186
23.5385	-4.53035	-36.337
23.5498	-4.5339	-36.3556
23.561	-4.53737	-36.3749
23.5723	-4.54079	-36.3945
23.5835	-4.54417	-36.4139
23.5948	-4.54744	-36.4341
23.6061	-4.55065	-36.4545
23.6173	-4.5538	-36.4749
23.6286	-4.55686	-36.4959
23.6398	-4.55985	-36.5165
23.6511	-4.56273	-36.5381
23.6623	-4.5655	-36.5601
23.6736	-4.56817	-36.5821
23.6848	-4.57072	-36.6048
23.6961	-4.57313	-36.6274
23.7074	-4.57542	-36.6503
23.7186	-4.57757	-36.6738
23.7299	-4.57961	-36.6972
23.7411	-4.5815	-36.7214
23.7524	-4.58326	-36.7459
23.7636	-4.58489	-36.77
