1.62381	-0.377793	13.8827
1.63507	-0.387913	14.0397
1.64632	-0.397798	14.1982
1.65758	-0.407444	14.3582
1.66883	-0.416851	14.5195
1.68009	-0.426018	14.6818
1.69135	-0.434944	14.8451
1.7026	-0.443598	15.0092
1.71386	-0.45204	15.174
1.72511	-0.460245	15.3393
1.73637	-0.468226	15.505
1.74762	-0.475987	15.671
1.75888	-0.483542	15.8371
1.77014	-0.490897	16.0032
1.78139	-0.498059	16.1691
1.79265	-0.505039	16.3349
1.8039	-0.511848	16.5002
1.81516	-0.518458	16.6652
1.82641	-0.524953	16.8295
1.83767	-0.531312	16.9932
1.84892	-0.53754	17.1562
1.86018	-0.543628	17.3185
1.87144	-0.549658	17.4799
1.88269	-0.555611	17.6403
1.89395	-0.561502	17.7998
1.9052	-0.56734	17.9582
1.91646	-0.573141	18.1156
1.92771	-0.578921	18.2718
1.93897	-0.584645	18.427
1.95023	-0.590414	18.5809
1.96148	-0.596197	18.7337
1.97274	-0.602009	18.8853
1.98399	-0.607864	19.0358
1.99525	-0.613775	19.1851
2.0065	-0.619708	19.3333
2.01776	-0.625816	19.4802
2.02901	-0.631917	19.6262
2.04027	-0.638169	19.7709
2.05153	-0.644529	19.9146
2.06278	-0.651007	20.0572
2.07404	-0.657552	20.1989
2.08529	-0.664334	20.3395
2.09655	-0.671144	20.4792
2.1078	-0.67821	20.6181
2.11906	-0.685318	20.7562
2.13032	-0.692698	20.8934
2.14157	-0.70012	21.0299
2.15283	-0.707766	21.1657
2.16408	-0.715515	21.3009
2.17534	-0.723551	21.4353
2.18659	-0.731631	21.5694
2.19785	-0.739995	21.7027
2.2091	-0.748399	21.8358
2.22036	-0.756965	21.9685
2.23162	-0.765825	22.1008
2.24287	-0.774721	22.2328
2.25413	-0.783909	22.3645
2.26538	-0.793126	22.4961
2.27664	-0.802559	22.6274
2.28789	-0.812078	22.7586
2.29915	-0.821875	22.8895
2.31041	-0.831671	23.0205
2.32166	-0.841736	23.1513
2.33292	-0.851786	23.2822
2.34417	-0.862101	23.413
2.35543	-0.872319	23.544
2.36668	-0.882868	23.6749
2.37794	-0.893377	23.8059
2.38919	-0.904132	23.9369
2.40045	-0.914833	24.068
2.41171	-0.925769	24.1991
2.42296	-0.936631	24.3304
2.43422	-0.947719	24.4616
2.44547	-0.958714	24.5931
2.45673	-0.969926	24.7245
2.46798	-0.981034	24.8561
2.47924	-0.992191	24.9878
2.4905	-1.00356	25.1195
2.50175	-1.01479	25.2513
2.51301	-1.02623	25.383
2.52426	-1.03753	25.5148
2.53552	-1.04903	25.6465
2.54677	-1.06037	25.7783
2.55803	-1.07173	25.9101
2.56928	-1.0831	26.0418
2.58054	-1.09465	26.1734
2.5918	-1.10604	26.3049
2.60305	-1.11761	26.4363
2.61431	-1.129	26.5675
2.62556	-1.14058	26.6986
2.63682	-1.15198	26.8295
2.64807	-1.16356	26.9601
2.65933	-1.17496	27.0906
2.67059	-1.18654	27.2208
2.68184	-1.19794	27.3507
2.6931	-1.20953	27.4803
2.70435	-1.22092	27.6097
2.71561	-1.23232	27.7387
2.72686	-1.24392	27.8674
2.73812	-1.25532	27.9957
2.74937	-1.26693	28.1236
2.76063	-1.27834	28.2512
2.77189	-1.28997	28.3783
2.78314	-1.30141	28.5052
2.7944	-1.31286	28.6317
2.80565	-1.32433	28.7578
2.81691	-1.33602	28.8833
2.82816	-1.34753	29.0086
2.83942	-1.35927	29.1334
2.85068	-1.37083	29.2579
2.86193	-1.38263	29.3819
2.87319	-1.39425	29.5056
2.88444	-1.40612	29.6288
2.8957	-1.41781	29.7519
2.90695	-1.42977	29.8745
2.91821	-1.44154	29.9969
2.92946	-1.45359	30.1188
2.94072	-1.46545	30.2406
2.95198	-1.47737	30.3621
2.96323	-1.48957	30.4832
2.97449	-1.5016	30.6042
2.98574	-1.51391	30.7249
2.997	-1.52604	30.8455
3.00825	-1.53823	30.9659
3.01951	-1.55072	31.086
3.03077	-1.56303	31.2062
3.04202	-1.57541	31.3262
3.05328	-1.58808	31.446
3.06453	-1.60057	31.5659
3.07579	-1.61338	31.6856
3.08704	-1.626	31.8054
3.0983	-1.63894	31.9251
3.10955	-1.65168	32.0449
3.12081	-1.66474	32.1647
3.13207	-1.67761	32.2846
3.14332	-1.6908	32.4044
3.15458	-1.70378	32.5245
3.16583	-1.71709	32.6446
3.17709	-1.73019	32.7649
3.18834	-1.74334	32.8854
3.1996	-1.75682	33.0059
3.21086	-1.77008	33.1267
3.22211	-1.78366	33.2476
3.23337	-1.79703	33.3687
3.24462	-1.81045	33.4901
3.25588	-1.82391	33.6117
3.26713	-1.83769	33.7333
3.27839	-1.85124	33.8553
3.28964	-1.86511	33.9774
3.3009	-1.87874	34.0999
3.31216	-1.8927	34.2225
3.32341	-1.90641	34.3454
3.33467	-1.92045	34.4684
3.34592	-1.93424	34.5918
3.35718	-1.94836	34.7153
3.36843	-1.96222	34.8391
3.37969	-1.97641	34.9629
3.39095	-1.99034	35.0872
3.4022	-2.0046	35.2114
3.41346	-2.01861	35.336
3.42471	-2.03264	35.4608
3.43597	-2.04701	35.5856
3.44722	-2.06111	35.7107
3.45848	-2.07554	35.8358
3.46973	-2.08972	35.9611
3.48099	-2.10392	36.0866
3.49225	-2.11816	36.2122
3.5035	-2.13274	36.3377
3.51476	-2.14706	36.4635
3.52601	-2.16172	36.5892
3.53727	-2.1761	36.7151
3.54852	-2.19084	36.8409
3.55978	-2.20531	36.9669
3.57104	-2.22014	37.0928
3.58229	-2.2347	37.2188
3.59355	-2.24963	37.3448
3.6048	-2.26428	37.4708
3.61606	-2.27931	37.5968
3.62731	-2.29407	37.7228
3.63857	-2.30921	37.8487
3.64982	-2.32408	37.9747
3.66108	-2.33934	38.1005
3.67234	-2.35432	38.2264
3.68359	-2.36938	38.3522
3.69485	-2.38483	38.4779
3.7061	-2.40002	38.6037
3.71736	-2.41527	38.7293
3.72861	-2.4306	38.855
3.73987	-2.44635	38.9804
3.75113	-2.46183	39.1059
3.76238	-2.47773	39.2311
3.77364	-2.49337	39.3565
3.78489	-2.50944	39.4816
3.79615	-2.52525	39.6068
3.8074	-2.54149	39.7317
3.81866	-2.55747	39.8568
3.82991	-2.5739	39.9816
3.84117	-2.59006	40.1065
3.85243	-2.60668	40.2312
3.86368	-2.62302	40.3559
3.87494	-2.63982	40.4804
3.88619	-2.65635	40.605
3.89745	-2.67335	40.7294
3.9087	-2.69006	40.8539
3.91996	-2.70688	40.9783
3.93122	-2.72379	41.1026
3.94247	-2.74079	41.2269
3.95373	-2.75828	41.351
3.96498	-2.77548	41.4752
3.97624	-2.79316	41.5992
3.98749	-2.81055	41.7232
3.99875	-2.82843	41.847
4.01	-2.84601	41.971
4.02126	-2.86368	42.0948
4.03252	-2.88224	42.2184
4.04377	-2.9001	42.3422
4.05503	-2.91805	42.4659
4.06628	-2.9361	42.5896
4.07754	-2.95505	42.7129
4.08879	-2.97329	42.8364
4.10005	-2.99162	42.9598
4.11131	-3.01003	43.083
4.12256	-3.02894	43.2061
4.13382	-3.04793	43.3291
4.14507	-3.0666	43.4521
4.15633	-3.08535	43.5749
4.16758	-3.10419	43.6977
4.17884	-3.12353	43.8202
4.19009	-3.14253	43.9427
4.20135	-3.16162	44.065
4.21261	-3.18079	44.1871
4.22386	-3.20089	44.3088
4.23512	-3.22021	44.4305
4.24637	-3.2396	44.552
4.25763	-3.25907	44.6733
4.26888	-3.27949	44.7941
4.28014	-3.2991	44.915
4.2914	-3.31879	45.0355
4.30265	-3.33855	45.1559
4.31391	-3.35929	45.2757
4.32516	-3.3792	45.3954
4.33642	-3.39918	45.5148
4.34767	-3.41923	45.6339
4.35893	-3.4398	45.7525
4.37018	-3.45999	45.8709
4.38144	-3.4807	45.9889
4.3927	-3.50103	46.1065
4.40395	-3.52141	46.2239
4.41521	-3.54234	46.3407
4.42646	-3.56288	46.4573
4.43772	-3.58348	46.5734
4.44897	-3.60415	46.6891
4.46023	-3.62585	46.8042
4.47149	-3.64667	46.919
4.48274	-3.66756	47.0334
4.494	-3.68851	47.1473
4.50525	-3.7105	47.2605
4.51651	-3.7316	47.3735
4.52776	-3.75276	47.4861
4.53902	-3.774	47.5982
4.55027	-3.7963	47.7095
4.56153	-3.81769	47.8206
4.57279	-3.83915	47.9312
4.58404	-3.86069	48.0414
4.5953	-3.88279	48.1508
4.60655	-3.90447	48.2599
4.61781	-3.92622	48.3685
4.62906	-3.94804	48.4766
4.64032	-3.97044	48.5842
4.65158	-3.99292	48.6912
4.66283	-4.01496	48.7978
4.67409	-4.03708	48.904
4.68534	-4.05927	49.0097
4.6966	-4.08258	49.1146
4.70785	-4.10492	49.2193
4.71911	-4.12786	49.3234
4.73037	-4.1498	49.4273
4.74162	-4.17288	49.5304
4.75288	-4.19603	49.6331
4.76413	-4.21817	49.7356
4.77539	-4.24147	49.8375
4.78664	-4.26485	49.9389
4.7979	-4.28829	50.0398
4.80915	-4.31072	50.1406
4.82041	-4.3343	50.2407
4.83167	-4.35796	50.3404
4.84292	-4.38168	50.4397
4.85418	-4.40436	50.5388
4.86543	-4.42821	50.6373
4.87669	-4.451	50.7356
4.88794	-4.47611	50.8331
4.8992	-4.49903	50.9308
4.91046	-4.52315	51.0278
4.92171	-4.54619	51.1247
4.93297	-4.57043	51.2209
4.94422	-4.59473	51.3168
4.95548	-4.61909	51.4123
4.96673	-4.64234	51.5078
4.97799	-4.6668	51.6026
4.98924	-4.69132	51.6972
5.0005	-4.71471	51.7917
5.01176	-4.73934	51.8856
5.02301	-4.76402	51.9793
5.03427	-4.78876	52.0726
5.04552	-4.81235	52.1659
5.05678	-4.83718	52.2585
5.06803	-4.86206	52.3509
5.07929	-4.88699	52.443
5.09055	-4.91073	52.5351
5.1018	-4.93574	52.6266
5.11306	-4.95956	52.7182
5.12431	-4.9859	52.8089
5.13557	-5.0098	52.9
5.14682	-5.03499	52.9906
5.15808	-5.05896	53.0812
5.16933	-5.08424	53.1711
5.18059	-5.10955	53.2609
5.19185	-5.13491	53.3503
5.2031	-5.15903	53.4399
5.21436	-5.18445	53.5289
5.22561	-5.20992	53.6176
5.23687	-5.23414	53.7066
5.24812	-5.25968	53.7949
5.25938	-5.28527	53.883
5.27064	-5.31091	53.9709
5.28189	-5.33527	54.059
5.29315	-5.36098	54.1464
5.3044	-5.38674	54.2336
5.31566	-5.41254	54.3206
5.32691	-5.43703	54.4078
5.33817	-5.4629	54.4944
5.34942	-5.48747	54.5813
5.36068	-5.51477	54.6671
5.37194	-5.53941	54.7536
5.38319	-5.56545	54.8395
5.39445	-5.59017	54.9256
5.4057	-5.6163	55.0112
5.41696	-5.64248	55.0965
5.42821	-5.66731	55.1821
5.43947	-5.69357	55.2672
5.45073	-5.71987	55.3521
5.46198	-5.74622	55.4368
5.47324	-5.77121	55.5218
5.48449	-5.79765	55.6063
5.49575	-5.82415	55.6907
5.507	-5.8507	55.7749
5.51826	-5.87587	55.8595
5.52951	-5.90251	55.9435
5.54077	-5.92921	56.0273
5.55203	-5.95597	56.1111
5.56328	-5.98132	56.1952
5.57454	-6.00818	56.2787
5.58579	-6.03363	56.3627
5.59705	-6.06207	56.4456
5.6083	-6.08763	56.5294
5.61956	-6.11472	56.6127
5.63082	-6.14039	56.6963
5.64207	-6.1676	56.7794
5.65333	-6.19488	56.8623
5.66458	-6.22071	56.9457
5.67584	-6.24811	57.0285
5.68709	-6.27557	57.1112
5.69835	-6.30309	57.1939
5.7096	-6.32915	57.277
5.72086	-6.35681	57.3596
5.73212	-6.38455	57.4421
5.74337	-6.41236	57.5244
5.75463	-6.43868	57.6073
5.76588	-6.46663	57.6895
5.77714	-6.49465	57.7717
5.78839	-6.52275	57.8537
5.79965	-6.54933	57.9362
5.81091	-6.57757	58.0182
5.82216	-6.60589	58.1
5.83342	-6.63429	58.1818
5.84467	-6.66116	58.2641
5.85593	-6.68973	58.3457
5.86718	-6.71675	58.4278
5.87844	-6.74549	58.5093
5.88969	-6.77431	58.5906
5.90095	-6.80157	58.6724
5.91221	-6.83056	58.7535
5.92346	-6.85964	58.8344
5.93472	-6.88882	58.9153
5.94597	-6.91641	58.9967
5.95723	-6.94578	59.0774
5.96848	-6.97524	59.1579
5.97974	-7.00481	59.2383
5.991	-7.03279	59.3192
6.00225	-7.06256	59.3993
6.01351	-7.09244	59.4792
6.02476	-7.12243	59.5589
6.03602	-7.15079	59.6391
6.04727	-7.18099	59.7185
6.05853	-7.2113	59.7977
6.06978	-7.24173	59.8768
6.08104	-7.27051	59.9563
6.0923	-7.30118	60.0349
6.10355	-7.33018	60.114
6.11481	-7.36108	60.1922
6.12606	-7.39211	60.2702
6.13732	-7.42147	60.3486
6.14857	-7.45274	60.4261
6.15983	-7.48414	60.5033
6.17109	-7.51567	60.5803
6.18234	-7.5455	60.6577
6.1936	-7.57729	60.7343
6.20485	-7.60923	60.8105
6.21611	-7.6413	60.8865
6.22736	-7.67165	60.9629
6.23862	-7.704	61.0383
6.24987	-7.73649	61.1134
6.26113	-7.76913	61.1882
6.27239	-7.80002	61.2633
6.28364	-7.83295	61.3375
6.2949	-7.86602	61.4114
6.30615	-7.89925	61.485
6.31741	-7.93071	61.5589
6.32866	-7.96424	61.6319
6.33992	-7.99598	61.7052
6.35118	-8.02982	61.7774
6.36243	-8.06382	61.8492
6.37369	-8.09601	61.9215
6.38494	-8.13031	61.9926
6.3962	-8.16479	62.0633
6.40745	-8.19942	62.1336
6.41871	-8.23221	62.2043
6.42997	-8.26717	62.2739
6.44122	-8.30229	62.343
6.45248	-8.33758	62.4117
6.46373	-8.371	62.4809
6.47499	-8.40662	62.5487
6.48624	-8.44241	62.616
6.4975	-8.47836	62.6829
6.50875	-8.5124	62.7503
6.52001	-8.54868	62.8162
6.53127	-8.58514	62.8817
6.54252	-8.61965	62.9477
6.55378	-8.65644	63.0122
6.56503	-8.6934	63.0763
6.57629	-8.7284	63.1406
6.58754	-8.7657	63.2036
6.5988	-8.80317	63.266
6.61005	-8.83864	63.3289
6.62131	-8.87644	63.3901
6.63257	-8.91442	63.4508
6.64382	-8.95257	63.511
6.65508	-8.98868	63.5715
6.66633	-9.02717	63.6305
6.67759	-9.06583	63.6889
6.68884	-9.10468	63.7465
6.7001	-9.14145	63.8047
6.71136	-9.18064	63.8611
6.72261	-9.22	63.9167
6.73387	-9.25954	63.9717
6.74512	-9.29695	64.027
6.75638	-9.33683	64.0806
6.76763	-9.37688	64.1335
6.77889	-9.41478	64.1868
6.79014	-9.45518	64.2382
6.8014	-9.49341	64.29
6.81266	-9.53416	64.3399
6.82391	-9.57509	64.3889
6.83517	-9.61621	64.4371
6.84642	-9.65509	64.4857
6.85768	-9.69655	64.5322
6.86893	-9.73817	64.5778
6.88019	-9.77998	64.6226
6.89145	-9.81952	64.6679
6.9027	-9.86168	64.711
6.91396	-9.90403	64.7532
6.92521	-9.94656	64.7944
6.93647	-9.98677	64.8362
6.94772	-10.0297	64.8756
6.95898	-10.0727	64.914
6.97023	-10.116	64.9514
6.98149	-10.1569	64.9894
6.99275	-10.2005	65.0249
7.004	-10.2443	65.0594
7.01526	-10.2857	65.0946
7.02651	-10.3298	65.1272
7.03777	-10.3716	65.1603
7.04902	-10.4161	65.1909
7.06028	-10.4608	65.2204
7.07154	-10.5057	65.2488
7.08279	-10.5482	65.2778
7.09405	-10.5935	65.3041
7.1053	-10.6389	65.3293
7.11656	-10.6846	65.3535
7.12781	-10.7278	65.3784
7.13907	-10.7738	65.4005
7.15032	-10.8201	65.4215
7.16158	-10.8666	65.4412
7.17284	-10.9104	65.4619
7.18409	-10.9573	65.4794
7.19535	-11.0044	65.4958
7.2066	-11.0516	65.511
7.21786	-11.0962	65.5273
7.22911	-11.1439	65.5403
7.24037	-11.1918	65.5522
7.25163	-11.2369	65.5652
7.26288	-11.2852	65.5749
7.27414	-11.3308	65.5856
7.28539	-11.3795	65.593
7.29665	-11.4284	65.5991
7.3079	-11.4775	65.6041
7.31916	-11.5238	65.6103
7.33042	-11.5734	65.613
7.34167	-11.6231	65.6145
7.35293	-11.673	65.6149
7.36418	-11.7202	65.6168
7.37544	-11.7706	65.6149
7.38669	-11.8212	65.6119
7.39795	-11.8721	65.6076
7.4092	-11.9201	65.605
7.42046	-11.9714	65.5983
7.43172	-12.0229	65.5905
7.44297	-12.0747	65.5815
7.45423	-12.1235	65.5743
7.46548	-12.1757	65.5631
7.47674	-12.2281	65.5507
7.48799	-12.2776	65.5403
7.49925	-12.3306	65.5256
7.51051	-12.3805	65.5129
7.52176	-12.4339	65.4958
7.53302	-12.4876	65.4775
7.54427	-12.5415	65.458
7.55553	-12.5924	65.4407
7.56678	-12.6468	65.4188
7.57804	-12.7015	65.3959
7.58929	-12.7564	65.3717
7.60055	-12.8082	65.35
7.61181	-12.8637	65.3235
7.62306	-12.9194	65.2958
7.63432	-12.9755	65.2669
7.64557	-13.0282	65.2407
7.65683	-13.0848	65.2094
7.66808	-13.1417	65.1768
7.67934	-13.1988	65.143
7.6906	-13.2526	65.1124
7.70185	-13.3104	65.0763
7.71311	-13.3684	65.039
7.72436	-13.423	65.0051
7.73562	-13.4816	64.9655
7.74687	-13.5368	64.9292
7.75813	-13.596	64.8871
7.76938	-13.6556	64.8438
7.78064	-13.7155	64.7992
7.7919	-13.7718	64.7583
7.80315	-13.8323	64.7113
7.81441	-13.8932	64.663
7.82566	-13.9544	64.6133
7.83692	-14.012	64.5679
7.84817	-14.0739	64.5159
7.85943	-14.1361	64.4624
7.87069	-14.1987	64.4076
7.88194	-14.2577	64.3572
7.8932	-14.321	64.2998
7.90445	-14.3847	64.2409
7.91571	-14.4447	64.1867
7.92696	-14.5091	64.1252
7.93822	-14.574	64.0621
7.94947	-14.6392	63.9977
7.96073	-14.7007	63.9383
7.97199	-14.7667	63.8709
7.98324	-14.829	63.8088
7.9945	-14.8958	63.7384
8.00575	-14.9632	63.6663
8.01701	-15.0266	63.5998
8.02826	-15.0947	63.5246
8.03952	-15.1678	63.4403
8.05078	-15.228	63.3767
8.06203	-15.302	63.2888
8.07329	-15.3721	63.2066
8.08454	-15.4381	63.1305
8.0958	-15.5091	63.0447
8.10705	-15.576	62.9652
8.11831	-15.6479	62.8756
8.12956	-15.7204	62.7839
8.14082	-15.7888	62.6989
8.15208	-15.8623	62.6031
8.16333	-15.9411	62.4959
8.17459	-16.0062	62.414
8.18584	-16.0862	62.302
8.1971	-16.1571	62.2066
8.20835	-16.2334	62.099
8.21961	-16.3104	61.989
8.23087	-16.3829	61.8865
8.24212	-16.461	61.7712
8.25338	-16.5347	61.6637
8.26463	-16.614	61.5429
8.27589	-16.6991	61.4078
8.28714	-16.7694	61.3032
8.2984	-16.8559	61.1617
8.30965	-16.9379	61.0281
8.32091	-17.0153	60.903
8.33217	-17.0986	60.7626
8.34342	-17.1773	60.6311
8.35468	-17.262	60.4834
8.36593	-17.3475	60.3318
8.37719	-17.4282	60.1894
8.38844	-17.5152	60.0297
8.3997	-17.6085	59.8519
8.41096	-17.6858	59.7113
8.42221	-17.7808	59.524
8.43347	-17.8594	59.3754
8.44472	-17.9561	59.1779
8.45598	-18.0478	58.9901
8.46723	-18.1346	58.8125
8.47849	-18.228	58.614
8.48975	-18.3163	58.4261
8.501	-18.4115	58.2161
8.51226	-18.5137	57.9827
8.52351	-18.5985	57.7949
8.53477	-18.7026	57.548
8.54602	-18.8015	57.3119
8.55728	-18.895	57.0875
8.56853	-18.9958	56.8372
8.57979	-19.0911	56.5991
8.59105	-19.1938	56.3336
8.6023	-19.2976	56.0597
8.61356	-19.3957	55.7985
8.62481	-19.5014	55.5076
8.63607	-19.6149	55.185
8.64732	-19.7091	54.9208
8.65858	-19.8247	54.578
8.66984	-19.9208	54.2964
8.68109	-20.0386	53.9322
8.69235	-20.1506	53.5809
8.7036	-20.2565	53.2442
8.71486	-20.3706	52.87
8.72611	-20.4785	52.5109
8.73737	-20.5946	52.1121
8.74862	-20.719	51.6707
8.75988	-20.8226	51.3036
8.77114	-20.9491	50.833
8.78239	-21.0694	50.3776
8.79365	-21.1831	49.939
8.8049	-21.3053	49.4527
8.81616	-21.4208	48.9841
8.82741	-21.5448	48.4646
8.83867	-21.6697	47.9271
8.84993	-21.7878	47.4084
8.86118	-21.9143	46.8338
8.87244	-22.0495	46.1992
8.88369	-22.1618	45.6648
8.89495	-22.2983	44.9868
8.9062	-22.4117	44.4146
8.91746	-22.5494	43.69
8.92871	-22.6796	42.9851
8.93997	-22.802	42.303
8.95123	-22.9327	41.5491
8.96248	-23.0555	40.8196
8.97374	-23.1862	40.0137
8.98499	-23.3248	39.1261
8.99625	-23.4391	38.3731
9.0075	-23.5769	37.4258
9.01876	-23.706	36.5037
9.03001	-23.8264	35.6114
9.04127	-23.9536	34.6285
9.05253	-24.0718	33.6776
9.06378	-24.1964	32.6313
9.07504	-24.3191	31.5515
9.08629	-24.4324	30.5081
9.09755	-24.5509	29.3626
9.1088	-24.6739	28.1087
9.12006	-24.7727	27.0449
9.13132	-24.8894	25.7208
9.14257	-24.9823	24.5986
9.15383	-25.0913	23.205
9.16508	-25.1894	21.8582
9.17634	-25.277	20.5648
9.18759	-25.3658	19.1564
9.19885	-25.4439	17.8071
9.2101	-25.522	16.3417
9.22136	-25.5987	14.757
9.23262	-25.6554	13.426
9.24387	-25.7189	11.7921
9.25513	-25.771	10.2313
9.26638	-25.813	8.74998
9.27764	-25.851	7.15666
9.28889	-25.8792	5.64984
9.30015	-25.9024	4.03471
9.31141	-25.9177	2.41282
9.32266	-25.9241	0.888077
9.33392	-25.9241	-0.737287
9.34517	-25.9161	-2.46048
9.35643	-25.9006	-3.87599
9.36768	-25.8766	-5.58376
9.37894	-25.8478	-6.9802
9.39019	-25.8084	-8.6606
9.40145	-25.763	-10.2239
9.41271	-25.7156	-11.5737
9.42396	-25.6516	-13.2875
9.43522	-25.5926	-14.5949
9.44647	-25.5218	-16.0666
9.45773	-25.4452	-17.51
9.46898	-25.3633	-18.9237
9.48024	-25.2763	-20.3062
9.4915	-25.1847	-21.6568
9.50275	-25.0988	-22.8052
9.51401	-24.9993	-24.0929
9.52526	-24.8962	-25.3467
9.53652	-24.7898	-26.5663
9.54777	-24.6803	-27.7516
9.55903	-24.5683	-28.9025
9.57028	-24.4538	-30.0195
9.58154	-24.3373	-31.1025
9.5928	-24.232	-32.0124
9.60405	-24.1124	-33.0329
9.61531	-23.9915	-34.0209
9.62656	-23.8695	-34.9772
9.63782	-23.7466	-35.9024
9.64907	-23.6368	-36.6746
9.66033	-23.499	-37.6625
9.67159	-23.3886	-38.3828
9.68284	-23.2641	-39.1944
9.6941	-23.1397	-39.9788
9.70535	-23.0153	-40.7367
9.71661	-22.8912	-41.469
9.72786	-22.7674	-42.1765
9.73912	-22.6581	-42.7612
9.75037	-22.5352	-43.4242
9.76163	-22.413	-44.0648
9.77289	-22.2914	-44.6836
9.78414	-22.1706	-45.2815
9.7954	-22.0645	-45.7727
9.80665	-21.9314	-46.4177
9.81791	-21.8132	-46.9574
9.82916	-21.7096	-47.3988
9.84042	-21.5931	-47.9052
9.85168	-21.4777	-48.3946
9.86293	-21.3634	-48.868
9.87419	-21.25	-49.3257
9.88544	-21.1511	-49.6976
9.8967	-21.0266	-50.197
9.90795	-20.9298	-50.5442
9.91921	-20.8207	-50.9471
9.93046	-20.7128	-51.3371
9.94172	-20.606	-51.7149
9.95298	-20.5004	-52.0806
9.96423	-20.3958	-52.435
9.97549	-20.3051	-52.7197
9.98674	-20.2027	-53.0538
9.998	-20.1014	-53.3776
10.0093	-20.0013	-53.6918
10.0205	-19.9022	-53.9966
10.0318	-19.8164	-54.2395
10.043	-19.7074	-54.5792
10.0543	-19.6116	-54.8577
10.0655	-19.5288	-55.0788
10.0768	-19.435	-55.3425
10.088	-19.3423	-55.5988
10.0993	-19.2507	-55.8477
10.1106	-19.16	-56.0898
10.1218	-19.0819	-56.2805
10.1331	-18.9818	-56.5543
10.1443	-18.8941	-56.7773
10.1556	-18.8187	-56.9521
10.1668	-18.7329	-57.1643
10.1781	-18.648	-57.371
10.1893	-18.5641	-57.5723
10.2006	-18.481	-57.7685
10.2119	-18.4097	-57.9215
10.2231	-18.3284	-58.1088
10.2344	-18.248	-58.2917
10.2456	-18.1684	-58.4703
10.2569	-18.0897	-58.6448
10.2681	-18.0222	-58.78
10.2794	-17.9348	-58.9818
10.2906	-17.8585	-59.1447
10.3019	-17.7932	-59.2707
10.3132	-17.7184	-59.4271
10.3244	-17.6444	-59.5803
10.3357	-17.5712	-59.7303
10.3469	-17.4987	-59.8773
10.3582	-17.4367	-59.9907
10.3694	-17.3558	-60.1627
10.3807	-17.2855	-60.3014
10.3919	-17.2254	-60.4083
10.4032	-17.1563	-60.5423
10.4145	-17.0878	-60.674
10.4257	-17.02	-60.8034
10.437	-16.9529	-60.9305
10.4482	-16.8956	-61.0284
10.4595	-16.8296	-61.1518
10.4707	-16.7643	-61.2732
10.482	-16.6995	-61.3928
10.4932	-16.6353	-61.5105
10.5045	-16.5806	-61.6015
10.5158	-16.5085	-61.7408
10.527	-16.4459	-61.8534
10.5383	-16.3927	-61.9405
10.5495	-16.3311	-62.0504
10.5608	-16.2701	-62.1587
10.572	-16.2095	-62.2656
10.5833	-16.1495	-62.3712
10.5945	-16.0985	-62.4533
10.6058	-16.0308	-62.5783
10.6171	-15.9722	-62.68
10.6283	-15.9224	-62.7593
10.6396	-15.8646	-62.8589
10.6508	-15.8072	-62.9573
10.6621	-15.7503	-63.0546
10.6733	-15.6937	-63.1507
10.6846	-15.6457	-63.226
10.6958	-15.59	-63.3203
10.7071	-15.5346	-63.4136
10.7184	-15.4796	-63.5058
10.7296	-15.425	-63.5971
10.7409	-15.3786	-63.6691
10.7521	-15.3168	-63.7767
10.7634	-15.2633	-63.8651
10.7746	-15.2178	-63.9349
10.7859	-15.1649	-64.0215
10.7971	-15.1123	-64.1073
10.8084	-15.06	-64.1921
10.8197	-15.008	-64.276
10.8309	-14.9639	-64.3427
10.8422	-14.905	-64.4412
10.8534	-14.8539	-64.5224
10.8647	-14.8105	-64.587
10.8759	-14.7599	-64.6667
10.8872	-14.7096	-64.7454
10.8984	-14.6596	-64.8231
10.9097	-14.6098	-64.9
10.921	-14.5675	-64.9614
10.9322	-14.5182	-65.0367
10.9435	-14.4692	-65.111
10.9547	-14.4203	-65.1845
10.966	-14.3717	-65.2571
10.9772	-14.3304	-65.3151
10.9885	-14.2752	-65.3994
10.9997	-14.2272	-65.4691
11.011	-14.1864	-65.5249
11.0223	-14.1388	-65.5929
11.0335	-14.0915	-65.66
11.0448	-14.0443	-65.7262
11.056	-13.9974	-65.7914
11.0673	-13.9573	-65.8436
11.0785	-13.904	-65.919
11.0898	-13.8576	-65.9814
11.1011	-13.818	-66.0313
11.1123	-13.7719	-66.0919
11.1236	-13.726	-66.1514
11.1348	-13.6803	-66.2101
11.1461	-13.6348	-66.2676
11.1573	-13.5958	-66.3135
11.1686	-13.5506	-66.3693
11.1798	-13.5055	-66.4241
11.1911	-13.4606	-66.4779
11.2024	-13.4158	-66.5307
11.2136	-13.3775	-66.5725
11.2249	-13.3268	-66.6332
11.2361	-13.2825	-66.6829
11.2474	-13.2446	-66.7221
11.2586	-13.2006	-66.7698
11.2699	-13.1567	-66.8166
11.2811	-13.113	-66.8623
11.2924	-13.0695	-66.907
11.3037	-13.0322	-66.9418
11.3149	-12.9829	-66.9933
11.3262	-12.9399	-67.0348
11.3374	-12.9029	-67.0669
11.3487	-12.8601	-67.1064
11.3599	-12.8175	-67.145
11.3712	-12.7751	-67.1824
11.3824	-12.7328	-67.2188
11.3937	-12.6965	-67.2463
11.405	-12.6545	-67.2807
11.4162	-12.6127	-67.3141
11.4275	-12.571	-67.3464
11.4387	-12.5296	-67.3776
11.45	-12.4939	-67.4006
11.4612	-12.4471	-67.437
11.4725	-12.4061	-67.465
11.4837	-12.3709	-67.485
11.495	-12.3303	-67.511
11.5063	-12.2898	-67.536
11.5175	-12.2495	-67.56
11.5288	-12.2094	-67.5828
11.54	-12.175	-67.5981
11.5513	-12.1298	-67.6254
11.5625	-12.0903	-67.645
11.5738	-12.0563	-67.6574
11.585	-12.0171	-67.675
11.5963	-11.9781	-67.6916
11.6076	-11.9394	-67.7072
11.6188	-11.9008	-67.7216
11.6301	-11.8677	-67.7293
11.6413	-11.8295	-67.7418
11.6526	-11.7915	-67.7532
11.6638	-11.7537	-67.7635
11.6751	-11.7161	-67.7729
11.6863	-11.6839	-67.7758
11.6976	-11.6416	-67.7884
11.7089	-11.6046	-67.7946
11.7201	-11.573	-67.7946
11.7314	-11.5365	-67.7989
11.7426	-11.5002	-67.8021
11.7539	-11.4641	-67.8044
11.7651	-11.4283	-67.8056
11.7764	-11.3976	-67.8011
11.7876	-11.3572	-67.8052
11.7989	-11.3221	-67.8035
11.8102	-11.292	-67.7961
11.8214	-11.2573	-67.7926
11.8327	-11.2228	-67.788
11.8439	-11.1886	-67.7826
11.8552	-11.1545	-67.7761
11.8664	-11.1255	-67.7645
11.8777	-11.092	-67.7563
11.8889	-11.0586	-67.7473
11.9002	-11.0256	-67.7373
11.9115	-10.9927	-67.7265
11.9227	-10.9648	-67.7107
11.934	-10.9277	-67.7022
11.9452	-10.8956	-67.6888
11.9565	-10.8683	-67.6707
11.9677	-10.8367	-67.6557
11.979	-10.8053	-67.64
11.9902	-10.7741	-67.6234
12.0015	-10.7432	-67.6061
12.0128	-10.717	-67.5843
12.024	-10.6866	-67.5656
12.0353	-10.6519	-67.5497
12.0465	-10.6264	-67.5259
12.0578	-10.5967	-67.505
12.069	-10.5673	-67.4835
12.0803	-10.5381	-67.4613
12.0915	-10.5091	-67.4385
12.1028	-10.4848	-67.4117
12.1141	-10.4563	-67.3877
12.1253	-10.428	-67.3632
12.1366	-10.4	-67.3381
12.1478	-10.3723	-67.3124
12.1591	-10.3491	-67.283
12.1703	-10.3176	-67.2595
12.1816	-10.2905	-67.2324
12.1928	-10.268	-67.2016
12.2041	-10.2415	-67.1736
12.2154	-10.2152	-67.1451
12.2266	-10.1892	-67.1162
12.2379	-10.1634	-67.087
12.2491	-10.1419	-67.0543
12.2604	-10.1166	-67.0244
12.2716	-10.0874	-66.9969
12.2829	-10.0667	-66.9634
12.2941	-10.0421	-66.9324
12.3054	-10.0177	-66.9012
12.3167	-9.99362	-66.8697
12.3279	-9.96974	-66.838
12.3392	-9.95011	-66.8033
12.3504	-9.92669	-66.7711
12.3617	-9.9035	-66.7387
12.3729	-9.88055	-66.7062
12.3842	-9.85783	-66.6734
12.3954	-9.83929	-66.6379
12.4067	-9.81309	-66.6075
12.418	-9.79106	-66.5744
12.4292	-9.77317	-66.5385
12.4405	-9.75159	-66.5052
12.4517	-9.73023	-66.4718
12.463	-9.7091	-66.4383
12.4742	-9.68818	-66.4048
12.4855	-9.67133	-66.3687
12.4967	-9.65085	-66.3352
12.508	-9.62676	-66.3041
12.5193	-9.61052	-66.268
12.5305	-9.59067	-66.2344
12.5418	-9.57104	-66.2009
12.553	-9.55162	-66.1673
12.5643	-9.5324	-66.1339
12.5755	-9.51713	-66.0981
12.5868	-9.4983	-66.0647
12.598	-9.47968	-66.0315
12.6093	-9.46125	-65.9983
12.6206	-9.44301	-65.9652
12.6318	-9.42865	-65.93
12.6431	-9.4071	-65.8994
12.6543	-9.38943	-65.8667
12.6656	-9.3756	-65.8319
12.6768	-9.35828	-65.7994
12.6881	-9.34114	-65.7671
12.6993	-9.32417	-65.735
12.7106	-9.30737	-65.7031
12.7219	-9.29434	-65.6691
12.7331	-9.27787	-65.6376
12.7444	-9.25797	-65.6084
12.7556	-9.24539	-65.5749
12.7669	-9.22939	-65.5436
12.7781	-9.21709	-65.5104
12.7894	-9.19783	-65.4817
12.8006	-9.18228	-65.4511
12.8119	-9.17039	-65.4186
12.8232	-9.15511	-65.3886
12.8344	-9.13996	-65.3588
12.8457	-9.12495	-65.3292
12.8569	-9.11006	-65.3
12.8682	-9.09878	-65.2689
12.8794	-9.08067	-65.2423
12.8907	-9.06615	-65.214
12.902	-9.0552	-65.1838
12.9132	-9.04091	-65.156
12.9245	-9.02673	-65.1286
12.9357	-9.01266	-65.1015
12.947	-8.99869	-65.0747
12.9582	-8.98822	-65.0463
12.9695	-8.97444	-65.0202
12.9807	-8.95738	-64.9965
12.992	-8.94717	-64.9691
13.0033	-8.93368	-64.9441
13.0145	-8.92363	-64.9174
13.0258	-8.90694	-64.8951
13.037	-8.8937	-64.8712
13.0483	-8.88388	-64.8458
13.0595	-8.87078	-64.8226
13.0708	-8.85776	-64.7999
13.082	-8.84481	-64.7775
13.0933	-8.83194	-64.7556
13.1046	-8.82243	-64.7321
13.1158	-8.80639	-64.7128
13.1271	-8.79372	-64.6921
13.1383	-8.78438	-64.6698
13.1496	-8.77183	-64.6498
13.1608	-8.75933	-64.6303
13.1721	-8.74688	-64.6112
13.1833	-8.73449	-64.5924
13.1946	-8.72539	-64.5722
13.2059	-8.7131	-64.5542
13.2171	-8.69764	-64.5385
13.2284	-8.68867	-64.5195
13.2396	-8.67653	-64.5027
13.2509	-8.66764	-64.4845
13.2621	-8.6524	-64.4703
13.2734	-8.6404	-64.4547
13.2846	-8.63162	-64.4377
13.2959	-8.61969	-64.4228
13.3072	-8.60781	-64.4083
13.3184	-8.59597	-64.3941
13.3297	-8.58417	-64.3803
13.3409	-8.57555	-64.3651
13.3522	-8.56069	-64.3537
13.3634	-8.549	-64.3409
13.3747	-8.54048	-64.3267
13.3859	-8.52887	-64.3145
13.3972	-8.51729	-64.3026
13.4085	-8.50574	-64.291
13.4197	-8.49423	-64.2797
13.431	-8.48584	-64.267
13.4422	-8.47439	-64.2562
13.4535	-8.45989	-64.2473
13.4647	-8.45158	-64.2354
13.476	-8.44022	-64.2253
13.4872	-8.43196	-64.2138
13.4985	-8.41761	-64.2057
13.5098	-8.40635	-64.1962
13.521	-8.39816	-64.1853
13.5323	-8.38695	-64.1762
13.5435	-8.37577	-64.1673
13.5548	-8.36462	-64.1584
13.566	-8.35349	-64.1497
13.5773	-8.3454	-64.1396
13.5885	-8.33133	-64.1326
13.5998	-8.32028	-64.1241
13.6111	-8.31226	-64.1143
13.6223	-8.30127	-64.1061
13.6336	-8.2903	-64.0979
13.6448	-8.27936	-64.0898
13.6561	-8.26844	-64.0817
13.6673	-8.26051	-64.0722
13.6786	-8.24963	-64.0641
13.6898	-8.23583	-64.0575
13.7011	-8.22795	-64.0481
13.7124	-8.21715	-64.04
13.7236	-8.2093	-64.0305
13.7349	-8.19561	-64.0238
13.7461	-8.18487	-64.0156
13.7574	-8.17708	-64.0061
13.7686	-8.16638	-63.9979
13.7799	-8.15571	-63.9896
13.7911	-8.14506	-63.9812
13.8024	-8.13443	-63.9728
13.8137	-8.1267	-63.963
13.8249	-8.11322	-63.9557
13.8362	-8.10265	-63.9471
13.8474	-8.09498	-63.937
13.8587	-8.08445	-63.9282
13.8699	-8.07394	-63.9192
13.8812	-8.06346	-63.9101
13.8924	-8.053	-63.901
13.9037	-8.0454	-63.8905
13.915	-8.03497	-63.8812
13.9262	-8.02174	-63.8729
13.9375	-8.01419	-63.8621
13.9487	-8.00383	-63.8524
13.96	-7.99631	-63.8414
13.9712	-7.9832	-63.8326
13.9825	-7.97292	-63.8225
13.9937	-7.96546	-63.8112
14.005	-7.95522	-63.8009
14.0163	-7.94502	-63.7906
14.0275	-7.93484	-63.7801
14.0388	-7.92469	-63.7694
14.05	-7.91733	-63.7576
14.0613	-7.90447	-63.7478
14.0725	-7.89441	-63.7369
14.0838	-7.88713	-63.7247
14.095	-7.87713	-63.7135
14.1063	-7.86716	-63.7022
14.1176	-7.85723	-63.6908
14.1288	-7.84733	-63.6793
14.1401	-7.84019	-63.6667
14.1513	-7.83036	-63.655
14.1626	-7.81786	-63.6442
14.1738	-7.81082	-63.6312
14.1851	-7.80111	-63.6192
14.1963	-7.79414	-63.6061
14.2076	-7.78181	-63.5948
14.2189	-7.77223	-63.5825
14.2301	-7.76537	-63.5691
14.2414	-7.75587	-63.5565
14.2526	-7.74642	-63.5439
14.2639	-7.73702	-63.5311
14.2751	-7.72767	-63.5182
14.2864	-7.72102	-63.5044
14.2976	-7.70911	-63.4922
14.3089	-7.6999	-63.4791
14.3202	-7.69339	-63.4649
14.3314	-7.68428	-63.4515
14.3427	-7.67523	-63.438
14.3539	-7.66623	-63.4243
14.3652	-7.65729	-63.4106
14.3764	-7.65102	-63.3959
14.3877	-7.64218	-63.3819
14.3989	-7.63081	-63.3687
14.4102	-7.62469	-63.3536
14.4215	-7.61602	-63.3393
14.4327	-7.61	-63.324
14.444	-7.59886	-63.3102
14.4552	-7.59036	-63.2955
14.4665	-7.5845	-63.2798
14.4777	-7.57612	-63.2648
14.489	-7.56779	-63.2496
14.5002	-7.55953	-63.2343
14.5115	-7.55132	-63.2189
14.5228	-7.54572	-63.2025
14.534	-7.53508	-63.1876
14.5453	-7.52704	-63.1717
14.5565	-7.52158	-63.1549
14.5678	-7.51365	-63.1387
14.579	-7.50577	-63.1224
14.5903	-7.49794	-63.1059
14.6016	-7.49017	-63.0892
14.6128	-7.48496	-63.0716
14.6241	-7.4773	-63.0545
14.6353	-7.46718	-63.0381
14.6466	-7.46212	-63.0201
14.6578	-7.4546	-63.0026
14.6691	-7.44962	-62.9842
14.6803	-7.43971	-62.9672
14.6916	-7.43233	-62.9492
14.7029	-7.42748	-62.9303
14.7141	-7.42019	-62.9119
14.7254	-7.41295	-62.8934
14.7366	-7.40575	-62.8747
14.7479	-7.3986	-62.8559
14.7591	-7.39394	-62.8362
14.7704	-7.38687	-62.8171
14.7816	-7.37739	-62.7986
14.7929	-7.37283	-62.7785
14.8042	-7.36586	-62.7589
14.8154	-7.35893	-62.7392
14.8267	-7.35203	-62.7193
14.8379	-7.34518	-62.6992
14.8492	-7.34077	-62.6783
14.8604	-7.33398	-62.658
14.8717	-7.32482	-62.6382
14.8829	-7.3205	-62.617
14.8942	-7.31381	-62.5963
14.9055	-7.30953	-62.5748
14.9167	-7.30049	-62.5546
14.928	-7.29388	-62.5336
14.9392	-7.28967	-62.5117
14.9505	-7.28311	-62.4904
14.9617	-7.27657	-62.469
14.973	-7.27007	-62.4475
14.9842	-7.26359	-62.4259
14.9955	-7.2595	-62.4035
15.0068	-7.25307	-62.3817
15.018	-7.24432	-62.3606
15.0293	-7.24029	-62.338
15.0405	-7.23392	-62.316
15.0518	-7.22759	-62.2938
15.063	-7.22128	-62.2716
15.0743	-7.21499	-62.2493
15.0855	-7.21105	-62.2262
15.0968	-7.20482	-62.2037
15.1081	-7.1963	-62.1819
15.1193	-7.19243	-62.1586
15.1306	-7.18627	-62.136
15.1418	-7.18244	-62.1126
15.1531	-7.17402	-62.0906
15.1643	-7.16793	-62.0677
15.1756	-7.16416	-62.0441
15.1868	-7.15812	-62.021
15.1981	-7.15211	-61.9979
15.2094	-7.14613	-61.9748
15.2206	-7.14017	-61.9515
15.2319	-7.13652	-61.9275
15.2431	-7.13062	-61.9042
15.2544	-7.12249	-61.8815
15.2656	-7.1189	-61.8573
15.2769	-7.11308	-61.8337
15.2881	-7.10728	-61.8101
15.2994	-7.10152	-61.7863
15.3107	-7.09579	-61.7625
15.3219	-7.09232	-61.7378
15.3332	-7.08665	-61.7138
15.3444	-7.07878	-61.6904
15.3557	-7.0754	-61.6654
15.3669	-7.06982	-61.6412
15.3782	-7.06649	-61.6161
15.3894	-7.05875	-61.5923
15.4007	-7.05326	-61.5677
15.412	-7.05	-61.5423
15.4232	-7.04457	-61.5174
15.4345	-7.03918	-61.4924
15.4457	-7.03382	-61.4674
15.457	-7.02849	-61.4422
15.4682	-7.02538	-61.4161
15.4795	-7.02011	-61.3907
15.4907	-7.01271	-61.3659
15.502	-7.00968	-61.3395
15.5133	-7.0045	-61.3138
15.5245	-7.00152	-61.2871
15.5358	-6.99425	-61.2618
15.547	-6.98918	-61.2356
15.5583	-6.98628	-61.2085
15.5695	-6.98127	-61.1821
15.5808	-6.97415	-61.1563
15.592	-6.97135	-61.1289
15.6033	-6.96644	-61.1021
15.6146	-6.96368	-61.0744
15.6258	-6.9567	-61.0482
15.6371	-6.95188	-61.0211
15.6483	-6.9492	-60.993
15.6596	-6.94444	-60.9657
15.6708	-6.93971	-60.9381
15.6821	-6.93501	-60.9106
15.6933	-6.93034	-60.8828
15.7046	-6.92781	-60.8543
15.7159	-6.9232	-60.8264
15.7271	-6.91654	-60.7993
15.7384	-6.91408	-60.7705
15.7496	-6.90957	-60.7424
15.7609	-6.90716	-60.7134
15.7721	-6.90063	-60.6859
15.7834	-6.8962	-60.6576
15.7946	-6.89388	-60.6284
15.8059	-6.88952	-60.6
15.8172	-6.88314	-60.5724
15.8284	-6.8809	-60.5431
15.8397	-6.87664	-60.5146
15.8509	-6.87446	-60.4852
15.8622	-6.86821	-60.4576
15.8734	-6.86405	-60.4291
15.8847	-6.86195	-60.3997
15.8959	-6.85785	-60.3711
15.9072	-6.85378	-60.3426
15.9185	-6.84975	-60.3141
15.9297	-6.84575	-60.2857
15.941	-6.84381	-60.2564
15.9522	-6.83988	-60.228
15.9635	-6.83398	-60.2006
15.9747	-6.83213	-60.1714
15.986	-6.82831	-60.1432
15.9972	-6.82652	-60.1142
16.0085	-6.81879	-60.0879
16.0198	-6.81906	-60.0581
16.031	-6.81539	-60.0302
16.0423	-6.81176	-60.0024
16.0535	-6.80619	-59.9756
16.0648	-6.80264	-59.948
16.076	-6.80307	-59.9186
16.0873	-6.79959	-59.8912
16.0985	-6.79418	-59.8648
16.1098	-6.79078	-59.8376
16.1211	-6.78743	-59.8105
16.1323	-6.78801	-59.7817
16.1436	-6.78278	-59.7557
16.1548	-6.77955	-59.729
16.1661	-6.77635	-59.7023
16.1773	-6.7732	-59.6758
16.1886	-6.77202	-59.6485
16.1999	-6.76894	-59.6222
16.2111	-6.76589	-59.5961
16.2224	-6.76289	-59.57
16.2336	-6.75992	-59.5441
16.2449	-6.75508	-59.5193
16.2561	-6.75602	-59.4916
16.2674	-6.75317	-59.466
16.2786	-6.75035	-59.4405
16.2899	-6.74567	-59.4162
16.3011	-6.74292	-59.391
16.3124	-6.74401	-59.3638
16.3237	-6.74132	-59.3388
16.3349	-6.73677	-59.3149
16.3462	-6.73414	-59.2901
16.3574	-6.73154	-59.2653
16.3687	-6.73274	-59.2386
16.3799	-6.72831	-59.215
16.3912	-6.72579	-59.1905
16.4025	-6.7233	-59.1661
16.4137	-6.72082	-59.1418
16.425	-6.72023	-59.1165
16.4362	-6.71778	-59.0924
16.4475	-6.71534	-59.0683
16.4587	-6.71292	-59.0442
16.47	-6.71051	-59.0202
16.4812	-6.70811	-58.9963
16.4925	-6.70756	-58.9713
16.5038	-6.70518	-58.9474
16.515	-6.70279	-58.9236
16.5263	-6.69857	-58.901
16.5375	-6.69619	-58.8773
16.5488	-6.69746	-58.8514
16.56	-6.69506	-58.8278
16.5713	-6.69082	-58.8053
16.5825	-6.6884	-58.7817
16.5938	-6.68597	-58.7582
16.6051	-6.68715	-58.7324
16.6163	-6.68287	-58.71
16.6276	-6.68038	-58.6865
16.6388	-6.67788	-58.663
16.6501	-6.67535	-58.6396
16.6613	-6.67459	-58.615
16.6726	-6.672	-58.5916
16.6838	-6.66938	-58.5682
16.6951	-6.66672	-58.5449
16.7064	-6.66403	-58.5215
16.7176	-6.6613	-58.4981
16.7289	-6.66031	-58.4735
16.7401	-6.6575	-58.4501
16.7514	-6.65465	-58.4267
16.7626	-6.64998	-58.4045
16.7739	-6.64705	-58.3811
16.7851	-6.64758	-58.3554
16.7964	-6.64454	-58.332
16.8077	-6.63969	-58.3098
16.8189	-6.63654	-58.2864
16.8302	-6.63334	-58.263
16.8414	-6.63358	-58.2371
16.8527	-6.62852	-58.2148
16.8639	-6.62515	-58.1913
16.8752	-6.62172	-58.1677
16.8864	-6.61824	-58.1442
16.8977	-6.61642	-58.1194
16.909	-6.61282	-58.0957
16.9202	-6.60914	-58.0721
16.9315	-6.60541	-58.0483
16.9427	-6.60161	-58.0245
16.954	-6.59775	-58.0007
16.9652	-6.59554	-57.9755
16.9765	-6.59155	-57.9515
16.9877	-6.5875	-57.9274
16.999	-6.58339	-57.9033
17.0103	-6.57752	-57.8802
17.0215	-6.57667	-57.8534
17.0328	-6.57236	-57.829
17.044	-6.56631	-57.8057
17.0553	-6.56188	-57.781
17.0665	-6.55739	-57.7562
17.0778	-6.55618	-57.7287
17.089	-6.54989	-57.7049
17.1003	-6.54521	-57.6796
17.1116	-6.54047	-57.6541
17.1228	-6.53567	-57.6285
17.1341	-6.53247	-57.6014
17.1453	-6.52756	-57.5754
17.1566	-6.52258	-57.5492
17.1678	-6.51754	-57.5228
17.1791	-6.51245	-57.4961
17.1903	-6.50731	-57.4692
17.2016	-6.50374	-57.4408
17.2129	-6.49848	-57.4134
17.2241	-6.49317	-57.3856
17.2354	-6.48781	-57.3576
17.2466	-6.48079	-57.3305
17.2579	-6.47857	-57.2994
17.2691	-6.47306	-57.2705
17.2804	-6.4659	-57.2425
17.2916	-6.4603	-57.2128
17.3029	-6.45466	-57.1829
17.3142	-6.45216	-57.1501
17.3254	-6.44483	-57.1206
17.3367	-6.43906	-57.0895
17.3479	-6.43324	-57.0579
17.3592	-6.4274	-57.026
17.3704	-6.42308	-56.9924
17.3817	-6.41716	-56.9597
17.3929	-6.4112	-56.9265
17.4042	-6.40521	-56.8929
17.4155	-6.39918	-56.8588
17.4267	-6.39313	-56.8242
17.438	-6.38859	-56.788
17.4492	-6.38247	-56.7525
17.4605	-6.37633	-56.7165
17.4717	-6.37016	-56.68
17.483	-6.36244	-56.6442
17.4942	-6.35929	-56.6043
17.5055	-6.35306	-56.5664
17.5168	-6.34529	-56.5291
17.528	-6.33902	-56.4902
17.5393	-6.33273	-56.4507
17.5505	-6.32944	-56.4083
17.5618	-6.32162	-56.369
17.573	-6.31529	-56.3279
17.5843	-6.30895	-56.2863
17.5955	-6.30261	-56.2442
17.6068	-6.29775	-56.2004
17.6181	-6.29139	-56.1573
17.6293	-6.28503	-56.1137
17.6406	-6.27866	-56.0696
17.6518	-6.2723	-56.0249
17.6631	-6.26594	-55.9797
17.6743	-6.26104	-55.9329
17.6856	-6.25468	-55.8867
17.6968	-6.24834	-55.84
17.7081	-6.242	-55.7928
17.7194	-6.23424	-55.7463
17.7306	-6.2308	-55.6958
17.7419	-6.22451	-55.6472
17.7531	-6.21823	-55.5982
17.7644	-6.21055	-55.5498
17.7756	-6.20431	-55.4998
17.7869	-6.20091	-55.447
17.7981	-6.19331	-55.3974
17.8094	-6.18715	-55.3461
17.8207	-6.18101	-55.2943
17.8319	-6.17491	-55.2422
17.8432	-6.17023	-55.1885
17.8544	-6.16419	-55.1356
17.8657	-6.15819	-55.0824
17.8769	-6.15223	-55.0287
17.8882	-6.14631	-54.9747
17.8994	-6.14044	-54.9204
17.9107	-6.13596	-54.8645
17.922	-6.13017	-54.8095
17.9332	-6.12443	-54.7542
17.9445	-6.11875	-54.6985
17.9557	-6.11177	-54.6438
17.967	-6.10887	-54.5853
17.9782	-6.10334	-54.5288
17.9895	-6.09787	-54.4721
18.0007	-6.09115	-54.4164
18.012	-6.08581	-54.3592
18.0233	-6.08315	-54.2994
18.0345	-6.07662	-54.2431
18.0458	-6.07147	-54.1853
18.057	-6.06639	-54.1273
18.0683	-6.06138	-54.0692
18.0795	-6.05773	-54.0098
18.0908	-6.05286	-53.9514
18.1021	-6.04806	-53.8928
18.1133	-6.04335	-53.8342
18.1246	-6.0387	-53.7755
18.1358	-6.03414	-53.7167
18.1471	-6.03091	-53.6566
18.1583	-6.0265	-53.5976
18.1696	-6.02217	-53.5387
18.1808	-6.01792	-53.4796
18.1921	-6.01251	-53.4219
18.2034	-6.0109	-53.3603
18.2146	-6.0069	-53.3013
18.2259	-6.00299	-53.2423
18.2371	-5.99793	-53.1846
18.2484	-5.99419	-53.1257
18.2596	-5.99295	-53.0643
18.2709	-5.98817	-53.0068
18.2821	-5.98468	-52.9481
18.2934	-5.98127	-52.8894
18.3047	-5.97796	-52.831
18.3159	-5.97592	-52.7713
18.3272	-5.97277	-52.7131
18.3384	-5.96971	-52.655
18.3497	-5.96673	-52.5971
18.3609	-5.96384	-52.5393
18.3722	-5.96103	-52.4818
18.3834	-5.95947	-52.4231
18.3947	-5.95683	-52.366
18.406	-5.95427	-52.3091
18.4172	-5.95179	-52.2524
18.4285	-5.94825	-52.1973
18.4397	-5.94823	-52.1385
18.451	-5.94599	-52.0827
18.4622	-5.94383	-52.0271
18.4735	-5.94062	-51.9731
18.4847	-5.93862	-51.9181
18.496	-5.93893	-51.8607
18.5073	-5.93707	-51.8064
18.5185	-5.93417	-51.7538
18.5298	-5.93246	-51.7001
18.541	-5.93082	-51.6469
18.5523	-5.93035	-51.5926
18.5635	-5.92884	-51.54
18.5748	-5.9274	-51.4879
18.586	-5.92602	-51.4362
18.5973	-5.9247	-51.3849
18.6086	-5.92344	-51.334
18.6198	-5.92332	-51.2821
18.6311	-5.92217	-51.2321
18.6423	-5.92107	-51.1825
18.6536	-5.92003	-51.1334
18.6648	-5.91798	-51.0861
18.6761	-5.91916	-51.035
18.6873	-5.91825	-50.9873
18.6986	-5.9174	-50.9401
18.7099	-5.91554	-50.8948
18.7211	-5.91476	-50.8486
18.7324	-5.9161	-50.7999
18.7436	-5.91539	-50.7546
18.7549	-5.91369	-50.7114
18.7661	-5.91304	-50.6671
18.7774	-5.91243	-50.6234
18.7886	-5.91184	-50.5802
18.7999	-5.91229	-50.5361
18.8112	-5.91173	-50.494
18.8224	-5.91019	-50.4539
18.8337	-5.91068	-50.4113
18.8449	-5.90917	-50.3723
18.8562	-5.91167	-50.3277
18.8674	-5.91018	-50.2898
18.8787	-5.90869	-50.2524
18.8899	-5.9092	-50.2125
18.9012	-5.90772	-50.1763
18.9125	-5.90822	-50.1374
18.9237	-5.9087	-50.0991
18.935	-5.90722	-50.0645
18.9462	-5.90767	-50.0272
18.9575	-5.90617	-49.9937
18.9687	-5.90659	-49.9575
18.98	-5.90698	-49.9218
18.9912	-5.90543	-49.8899
19.0025	-5.90577	-49.8553
19.0138	-5.90417	-49.8244
19.025	-5.90255	-49.7941
19.0363	-5.9047	-49.7578
19.0475	-5.90301	-49.7285
19.0588	-5.9013	-49.6998
19.07	-5.90143	-49.6682
19.0813	-5.89964	-49.6405
19.0925	-5.90154	-49.6067
19.1038	-5.89967	-49.5799
19.1151	-5.89775	-49.5536
19.1263	-5.89763	-49.5245
19.1376	-5.89562	-49.4992
19.1488	-5.8954	-49.471
19.1601	-5.89511	-49.4433
19.1713	-5.89294	-49.4194
19.1826	-5.89253	-49.3926
19.1938	-5.89024	-49.3695
19.2051	-5.88971	-49.3436
19.2164	-5.88911	-49.318
19.2276	-5.88664	-49.2962
19.2389	-5.8859	-49.2715
19.2501	-5.8833	-49.2505
19.2614	-5.88064	-49.2299
19.2726	-5.88147	-49.203
19.2839	-5.87867	-49.1831
19.2951	-5.8758	-49.1636
19.3064	-5.87463	-49.1411
19.3177	-5.87162	-49.1223
19.3289	-5.87205	-49.0971
19.3402	-5.86889	-49.0789
19.3514	-5.86567	-49.0611
19.3627	-5.86412	-49.0402
19.3739	-5.86075	-49.0229
19.3852	-5.85904	-49.0025
19.3964	-5.85724	-48.9824
19.4077	-5.85365	-48.9659
19.419	-5.8517	-48.9463
19.4302	-5.84797	-48.9302
19.4415	-5.84586	-48.9111
19.4527	-5.84368	-48.8921
19.464	-5.83973	-48.8766
19.4752	-5.8374	-48.8581
19.4865	-5.8333	-48.8429
19.4977	-5.82914	-48.8279
19.509	-5.82825	-48.8065
19.5203	-5.82395	-48.7918
19.5315	-5.81958	-48.7771
19.5428	-5.81679	-48.7593
19.554	-5.81229	-48.7448
19.5653	-5.81101	-48.724
19.5765	-5.80638	-48.7096
19.5878	-5.80169	-48.6953
19.599	-5.79857	-48.6778
19.6103	-5.79375	-48.6635
19.6216	-5.7905	-48.6461
19.6328	-5.78717	-48.6286
19.6441	-5.78218	-48.6143
19.6553	-5.77874	-48.5967
19.6666	-5.77365	-48.5823
19.6778	-5.77009	-48.5647
19.6891	-5.76647	-48.547
19.7003	-5.76123	-48.5324
19.7116	-5.75751	-48.5146
19.7229	-5.75217	-48.4998
19.7341	-5.74679	-48.4848
19.7454	-5.74447	-48.4636
19.7566	-5.739	-48.4484
19.7679	-5.73349	-48.4331
19.7791	-5.72949	-48.4145
19.7904	-5.7239	-48.3988
19.8017	-5.72134	-48.3769
19.8129	-5.71569	-48.3609
19.8242	-5.71001	-48.3447
19.8354	-5.70581	-48.3254
19.8467	-5.70006	-48.3088
19.8579	-5.69579	-48.289
19.8692	-5.69149	-48.2691
19.8804	-5.68566	-48.2519
19.8917	-5.6813	-48.2315
19.903	-5.67543	-48.2138
19.9142	-5.67102	-48.1931
19.9255	-5.66659	-48.1721
19.9367	-5.66067	-48.1537
19.948	-5.65619	-48.1323
19.9592	-5.65025	-48.1135
19.9705	-5.64429	-48.0945
19.9817	-5.6412	-48.0697
19.993	-5.63522	-48.0502
20.0043	-5.62924	-48.0305
20.0155	-5.62468	-48.0078
20.0268	-5.61869	-47.9877
20.038	-5.61551	-47.9619
20.0493	-5.60952	-47.9414
20.0605	-5.60353	-47.9206
20.0718	-5.59894	-47.897
20.083	-5.59296	-47.8759
20.0943	-5.58836	-47.8519
20.1056	-5.58377	-47.8278
20.1168	-5.57781	-47.8062
20.1281	-5.57322	-47.7818
20.1393	-5.56728	-47.7598
20.1506	-5.56271	-47.7352
20.1618	-5.55814	-47.7103
20.1731	-5.55225	-47.688
20.1843	-5.54772	-47.663
20.1956	-5.54187	-47.6405
20.2069	-5.53605	-47.6179
20.2181	-5.53286	-47.5902
20.2294	-5.52708	-47.5675
20.2406	-5.52262	-47.5422
20.2519	-5.51689	-47.5194
20.2631	-5.51119	-47.4965
20.2744	-5.50809	-47.4686
20.2856	-5.50245	-47.4457
20.2969	-5.49685	-47.4228
20.3082	-5.49256	-47.3974
20.3194	-5.48703	-47.3746
20.3307	-5.48279	-47.3494
20.3419	-5.47859	-47.3242
20.3532	-5.47317	-47.3015
20.3644	-5.46903	-47.2765
20.3757	-5.4637	-47.2539
20.3869	-5.45965	-47.229
20.3982	-5.45563	-47.2043
20.4095	-5.45044	-47.182
20.4207	-5.4465	-47.1575
20.432	-5.44141	-47.1355
20.4432	-5.43637	-47.1136
20.4545	-5.43375	-47.0874
20.4657	-5.4288	-47.0658
20.477	-5.42508	-47.0422
20.4882	-5.42024	-47.021
20.4995	-5.41545	-47
20.5108	-5.41304	-46.9747
20.522	-5.40835	-46.9541
20.5333	-5.40371	-46.9336
20.5445	-5.40028	-46.9112
20.5558	-5.39576	-46.8913
20.567	-5.39242	-46.8694
20.5783	-5.38912	-46.8477
20.5895	-5.38475	-46.8284
20.6008	-5.38155	-46.8073
20.6121	-5.37728	-46.7885
20.6233	-5.37417	-46.7678
20.6346	-5.37111	-46.7475
20.6458	-5.36698	-46.7295
20.6571	-5.364	-46.7096
20.6683	-5.35998	-46.6922
20.6796	-5.356	-46.675
20.6908	-5.35422	-46.6539
20.7021	-5.35033	-46.6373
20.7134	-5.34755	-46.6189
20.7246	-5.34374	-46.6028
20.7359	-5.33997	-46.587
20.7471	-5.33835	-46.5675
20.7584	-5.33465	-46.5523
20.7696	-5.33099	-46.5374
20.7809	-5.3284	-46.5208
20.7921	-5.32481	-46.5065
20.8034	-5.32227	-46.4906
20.8147	-5.31975	-46.4749
20.8259	-5.31623	-46.4615
20.8372	-5.31374	-46.4465
20.8484	-5.31026	-46.4338
20.8597	-5.30781	-46.4194
20.8709	-5.30536	-46.4053
20.8822	-5.30192	-46.3936
20.8934	-5.29949	-46.3802
20.9047	-5.29607	-46.369
20.916	-5.29265	-46.3582
20.9272	-5.2912	-46.3439
20.9385	-5.28778	-46.3337
20.9497	-5.28533	-46.322
20.961	-5.2819	-46.3125
20.9722	-5.27847	-46.3033
20.9835	-5.27695	-46.2907
20.9947	-5.27349	-46.2822
21.006	-5.27002	-46.274
21.0173	-5.26748	-46.2642
21.0285	-5.26397	-46.2567
21.0398	-5.26138	-46.2476
21.051	-5.25875	-46.2389
21.0623	-5.25517	-46.2324
21.0735	-5.25249	-46.2243
21.0848	-5.24885	-46.2184
21.096	-5.2461	-46.211
21.1073	-5.24331	-46.2039
21.1186	-5.23957	-46.199
21.1298	-5.2367	-46.1926
21.1411	-5.23289	-46.1883
21.1523	-5.22904	-46.1842
21.1636	-5.22693	-46.1771
21.1748	-5.223	-46.1737
21.1861	-5.2199	-46.1689
21.1973	-5.21587	-46.1661
21.2086	-5.2118	-46.1636
21.2199	-5.20943	-46.158
21.2311	-5.20526	-46.1561
21.2424	-5.20104	-46.1544
21.2536	-5.19764	-46.1514
21.2649	-5.19332	-46.1502
21.2761	-5.1898	-46.1477
21.2874	-5.18623	-46.1455
21.2986	-5.18175	-46.1451
21.3099	-5.17807	-46.1433
21.3212	-5.17348	-46.1433
21.3324	-5.16968	-46.1419
21.3437	-5.16582	-46.1407
21.3549	-5.16108	-46.1413
21.3662	-5.1571	-46.1405
21.3774	-5.15225	-46.1413
21.3887	-5.14734	-46.1423
21.4	-5.14402	-46.1404
21.4112	-5.139	-46.1416
21.4225	-5.13474	-46.1414
21.4337	-5.12962	-46.1427
21.445	-5.12445	-46.1441
21.4562	-5.12083	-46.1427
21.4675	-5.11555	-46.1442
21.4787	-5.11023	-46.1456
21.49	-5.10565	-46.1456
21.5012	-5.10023	-46.147
21.5125	-5.09633	-46.1457
21.5238	-5.09081	-46.1471
21.535	-5.08525	-46.1483
21.5463	-5.08042	-46.1482
21.5575	-5.07477	-46.1492
21.5688	-5.06983	-46.1488
21.58	-5.06485	-46.1483
21.5913	-5.05907	-46.1489
21.6026	-5.05399	-46.1482
21.6138	-5.04813	-46.1484
21.6251	-5.04222	-46.1483
21.6363	-5.03777	-46.1459
21.6476	-5.03178	-46.1454
21.6588	-5.0265	-46.1436
21.6701	-5.02044	-46.1427
21.6813	-5.01434	-46.1414
21.6926	-5.00966	-46.1377
21.7039	-5.0035	-46.1359
21.7151	-4.99731	-46.1336
21.7264	-4.9918	-46.1301
21.7376	-4.98555	-46.1272
21.7489	-4.98069	-46.122
21.7601	-4.97438	-46.1184
21.7714	-4.96805	-46.1144
21.7826	-4.9624	-46.1091
21.7939	-4.95603	-46.1043
21.8052	-4.95032	-46.0982
21.8164	-4.9446	-46.0918
21.8277	-4.93818	-46.0857
21.8389	-4.93242	-46.0784
21.8502	-4.92597	-46.0715
21.8614	-4.91953	-46.0641
21.8727	-4.9144	-46.0549
21.8839	-4.90793	-46.0467
21.8952	-4.90212	-46.0373
21.9065	-4.89566	-46.0283
21.9177	-4.88919	-46.0187
21.929	-4.88402	-46.0074
21.9402	-4.87756	-45.997
21.9515	-4.87112	-45.9861
21.9627	-4.86533	-45.9741
21.974	-4.85892	-45.9624
21.9852	-4.85378	-45.949
21.9965	-4.84741	-45.9364
22.0078	-4.84106	-45.9234
22.019	-4.83535	-45.9094
22.0303	-4.82905	-45.8955
22.0415	-4.82338	-45.8807
22.0528	-4.81775	-45.8654
22.064	-4.81155	-45.8501
22.0753	-4.806	-45.834
22.0865	-4.7999	-45.8179
22.0978	-4.79386	-45.8013
22.1091	-4.78901	-45.7837
22.1203	-4.78307	-45.7663
22.1316	-4.77775	-45.7483
22.1428	-4.77193	-45.7302
22.1541	-4.76617	-45.7116
22.1653	-4.76157	-45.6921
22.1766	-4.75595	-45.6727
22.1878	-4.75041	-45.6529
22.1991	-4.74548	-45.6324
22.2104	-4.74011	-45.6118
22.2216	-4.73588	-45.5904
22.2329	-4.73068	-45.5691
22.2441	-4.72557	-45.5474
22.2554	-4.72106	-45.5252
22.2666	-4.71614	-45.5028
22.2779	-4.71181	-45.4799
22.2891	-4.70757	-45.4567
22.3004	-4.70294	-45.4331
22.3117	-4.69891	-45.4091
22.3229	-4.6945	-45.3848
22.3342	-4.69021	-45.3602
22.3454	-4.68697	-45.3351
22.3567	-4.6829	-45.3098
22.3679	-4.6794	-45.2842
22.3792	-4.67555	-45.2583
22.3904	-4.67182	-45.2321
22.4017	-4.66909	-45.2054
22.413	-4.66558	-45.1785
22.4242	-4.66219	-45.1512
22.4355	-4.65936	-45.1236
22.4467	-4.65621	-45.0957
22.458	-4.65403	-45.0675
22.4692	-4.65112	-45.039
22.4805	-4.64834	-45.0103
22.4917	-4.64608	-44.9813
22.503	-4.64353	-44.952
22.5143	-4.64149	-44.9225
22.5255	-4.63955	-44.8928
22.5368	-4.63734	-44.8627
22.548	-4.63562	-44.8324
22.5593	-4.63365	-44.8019
22.5705	-4.63179	-44.7711
22.5818	-4.63077	-44.7403
22.593	-4.62913	-44.7093
22.6043	-4.62795	-44.6782
22.6156	-4.62653	-44.6469
22.6268	-4.62521	-44.6155
22.6381	-4.62466	-44.5842
22.6493	-4.62353	-44.5527
22.6606	-4.6225	-44.521
22.6718	-4.62189	-44.4894
22.6831	-4.62107	-44.4577
22.6943	-4.62096	-44.4263
22.7056	-4.62031	-44.3948
22.7169	-4.61975	-44.3634
22.7281	-4.61958	-44.3322
22.7394	-4.61918	-44.3012
22.7506	-4.61915	-44.2704
22.7619	-4.61918	-44.2397
22.7731	-4.61901	-44.2092
22.7844	-4.61918	-44.179
22.7956	-4.61917	-44.149
22.8069	-4.61924	-44.1194
22.8182	-4.61988	-44.0903
22.8294	-4.62007	-44.0614
22.8407	-4.62058	-44.0331
22.8519	-4.62091	-44.0052
22.8632	-4.6213	-43.9777
22.8744	-4.6222	-43.951
22.8857	-4.6227	-43.9246
22.8969	-4.62327	-43.8987
22.9082	-4.62412	-43.8735
22.9195	-4.62483	-43.8489
22.9307	-4.62602	-43.8251
22.942	-4.62685	-43.8019
22.9532	-4.62774	-43.7794
22.9645	-4.62888	-43.7579
22.9757	-4.62989	-43.7371
22.987	-4.63114	-43.7172
22.9982	-4.63244	-43.6981
23.0095	-4.63362	-43.6797
23.0208	-4.63504	-43.6623
23.032	-4.63635	-43.6457
23.0433	-4.63774	-43.6301
23.0545	-4.63951	-43.6154
23.0658	-4.64102	-43.6018
23.077	-4.64275	-43.5891
23.0883	-4.64439	-43.5775
23.0995	-4.64608	-43.5669
23.1108	-4.64812	-43.5573
23.1221	-4.64993	-43.5487
23.1333	-4.6518	-43.541
23.1446	-4.65388	-43.5343
23.1558	-4.6559	-43.5286
23.1671	-4.65824	-43.5238
23.1783	-4.6604	-43.5201
23.1896	-4.66263	-43.5175
23.2008	-4.66504	-43.5158
23.2121	-4.6674	-43.5152
23.2234	-4.66992	-43.5156
23.2346	-4.67249	-43.5168
23.2459	-4.67501	-43.519
23.2571	-4.67771	-43.5219
23.2684	-4.68037	-43.5259
23.2796	-4.6831	-43.5307
23.2909	-4.68608	-43.5361
23.3022	-4.68893	-43.5427
23.3134	-4.69193	-43.5499
23.3247	-4.69489	-43.5581
23.3359	-4.69788	-43.5672
23.3472	-4.70108	-43.5766
23.3584	-4.70415	-43.587
23.3697	-4.70727	-43.5981
23.3809	-4.7105	-43.6096
23.3922	-4.7137	-43.622
23.4035	-4.71706	-43.6344
23.4147	-4.72031	-43.648
23.426	-4.72357	-43.6622
23.4372	-4.72692	-43.6767
23.4485	-4.73019	-43.692
23.4597	-4.73352	-43.7075
23.471	-4.73683	-43.7234
23.4822	-4.74007	-43.74
23.4935	-4.74334	-43.7566
23.5048	-4.74655	-43.774
23.516	-4.74972	-43.7917
23.5273	-4.75295	-43.809
23.5385	-4.75604	-43.8274
23.5498	-4.75912	-43.8458
23.561	-4.76208	-43.8649
23.5723	-4.76497	-43.8843
23.5835	-4.76785	-43.9031
23.5948	-4.77056	-43.9229
23.6061	-4.77319	-43.9428
23.6173	-4.77576	-43.9626
23.6286	-4.77821	-43.983
23.6398	-4.78061	-44.0027
23.6511	-4.78283	-44.0236
23.6623	-4.78493	-44.0447
23.6736	-4.78693	-44.0656
23.6848	-4.78875	-44.0874
23.6961	-4.79045	-44.1089
23.7074	-4.79199	-44.1306
23.7186	-4.79336	-44.1529
23.7299	-4.79461	-44.175
23.7411	-4.79567	-44.1979
23.7524	-4.79658	-44.2211
23.7636	-4.79735	-44.2437
