1.62381	-0.426721	14.3725
1.63507	-0.436911	14.5273
1.64632	-0.446904	14.6838
1.65758	-0.456693	14.8417
1.66883	-0.466277	15.0009
1.68009	-0.475656	15.1613
1.69135	-0.484826	15.3227
1.7026	-0.493759	15.4851
1.71386	-0.502513	15.6482
1.72511	-0.511065	15.812
1.73637	-0.519421	15.9763
1.74762	-0.527594	16.1409
1.75888	-0.53559	16.3059
1.77014	-0.54342	16.4709
1.78139	-0.551086	16.636
1.79265	-0.558597	16.8009
1.8039	-0.565966	16.9656
1.81516	-0.573165	17.1301
1.82641	-0.580271	17.2941
1.83767	-0.587265	17.4576
1.84892	-0.594161	17.6206
1.86018	-0.600935	17.7831
1.87144	-0.607677	17.9448
1.88269	-0.614364	18.1057
1.89395	-0.621007	18.2658
1.9052	-0.62762	18.4251
1.91646	-0.634215	18.5834
1.92771	-0.640804	18.7408
1.93897	-0.647355	18.8973
1.95023	-0.653965	19.0527
1.96148	-0.660604	19.2071
1.97274	-0.667287	19.3605
1.98399	-0.674025	19.5129
1.99525	-0.680834	19.6644
2.0065	-0.687675	19.8149
2.01776	-0.694705	19.9642
2.02901	-0.701737	20.1127
2.04027	-0.708926	20.2602
2.05153	-0.716232	20.4067
2.06278	-0.723661	20.5524
2.07404	-0.731167	20.6971
2.08529	-0.738915	20.841
2.09655	-0.746696	20.9842
2.1078	-0.754737	21.1265
2.11906	-0.762828	21.2683
2.13032	-0.771194	21.4092
2.14157	-0.779607	21.5496
2.15283	-0.788245	21.6894
2.16408	-0.796991	21.8286
2.17534	-0.806024	21.9673
2.18659	-0.815103	22.1055
2.19785	-0.824467	22.2433
2.2091	-0.83387	22.3808
2.22036	-0.843439	22.518
2.23162	-0.853303	22.6548
2.24287	-0.863204	22.7916
2.25413	-0.873397	22.928
2.26538	-0.883618	23.0643
2.27664	-0.894058	23.2004
2.28789	-0.90458	23.3365
2.29915	-0.91538	23.4723
2.31041	-0.926178	23.6082
2.32166	-0.937243	23.744
2.33292	-0.948293	23.8799
2.34417	-0.959606	24.0158
2.35543	-0.970821	24.1518
2.36668	-0.982367	24.2878
2.37794	-0.993872	24.4239
2.38919	-1.00562	24.56
2.40045	-1.01731	24.6962
2.41171	-1.02924	24.8324
2.42296	-1.04109	24.9688
2.43422	-1.05316	25.1051
2.44547	-1.06514	25.2417
2.45673	-1.07734	25.3781
2.46798	-1.08943	25.5148
2.47924	-1.10156	25.6516
2.4905	-1.1139	25.7882
2.50175	-1.12612	25.925
2.51301	-1.13853	26.0617
2.52426	-1.1508	26.1985
2.53552	-1.16326	26.3351
2.54677	-1.17557	26.4718
2.55803	-1.1879	26.6084
2.56928	-1.20023	26.7449
2.58054	-1.21274	26.8811
2.5918	-1.22509	27.0174
2.60305	-1.23762	27.1533
2.61431	-1.24997	27.2892
2.62556	-1.26251	27.4247
2.63682	-1.27486	27.5601
2.64807	-1.28739	27.6951
2.65933	-1.29973	27.83
2.67059	-1.31226	27.9644
2.68184	-1.3246	28.0986
2.6931	-1.33713	28.2323
2.70435	-1.34946	28.3658
2.71561	-1.36179	28.4989
2.72686	-1.37432	28.6314
2.73812	-1.38665	28.7636
2.74937	-1.39919	28.8952
2.76063	-1.41153	29.0266
2.77189	-1.42408	29.1573
2.78314	-1.43643	29.2878
2.7944	-1.4488	29.4177
2.80565	-1.46117	29.5472
2.81691	-1.47378	29.676
2.82816	-1.48619	29.8046
2.83942	-1.49883	29.9324
2.85068	-1.51128	30.06
2.86193	-1.52398	30.1869
2.87319	-1.53649	30.3136
2.88444	-1.54924	30.4396
2.8957	-1.56181	30.5654
2.90695	-1.57464	30.6905
2.91821	-1.58728	30.8155
2.92946	-1.60019	30.9398
2.94072	-1.61292	31.0639
2.95198	-1.62569	31.1877
2.96323	-1.63874	31.311
2.97449	-1.65161	31.434
2.98574	-1.66476	31.5566
2.997	-1.67772	31.6791
3.00825	-1.69074	31.8013
3.01951	-1.70405	31.9231
3.03077	-1.71717	32.0449
3.04202	-1.73034	32.1664
3.05328	-1.74382	32.2875
3.06453	-1.75711	32.4087
3.07579	-1.7707	32.5296
3.08704	-1.7841	32.6505
3.0983	-1.79781	32.7711
3.10955	-1.81131	32.8918
3.12081	-1.82513	33.0123
3.13207	-1.83875	33.1329
3.14332	-1.85267	33.2533
3.15458	-1.86639	33.3738
3.16583	-1.88041	33.4942
3.17709	-1.89423	33.6148
3.18834	-1.90809	33.7355
3.1996	-1.92226	33.856
3.21086	-1.93622	33.9768
3.22211	-1.95049	34.0974
3.23337	-1.96452	34.2183
3.24462	-1.9786	34.3393
3.25588	-1.99272	34.4604
3.26713	-2.00714	34.5814
3.27839	-2.02133	34.7027
3.28964	-2.03583	34.824
3.3009	-2.05009	34.9455
3.31216	-2.06466	35.067
3.32341	-2.07898	35.1888
3.33467	-2.09362	35.3105
3.34592	-2.108	35.4326
3.35718	-2.1227	35.5545
3.36843	-2.13714	35.6767
3.37969	-2.1519	35.7989
3.39095	-2.16639	35.9213
3.4022	-2.1812	36.0436
3.41346	-2.19575	36.1662
3.42471	-2.21032	36.2888
3.43597	-2.22522	36.4113
3.44722	-2.23985	36.5341
3.45848	-2.25481	36.6566
3.46973	-2.26949	36.7794
3.48099	-2.2842	36.9023
3.49225	-2.29894	37.0251
3.5035	-2.31402	37.1477
3.51476	-2.32882	37.2705
3.52601	-2.34397	37.393
3.53727	-2.35884	37.5157
3.54852	-2.37406	37.6382
3.55978	-2.389	37.7608
3.57104	-2.40431	37.8832
3.58229	-2.41933	38.0056
3.59355	-2.43473	38.1278
3.6048	-2.44984	38.2501
3.61606	-2.46533	38.3721
3.62731	-2.48055	38.4942
3.63857	-2.49615	38.616
3.64982	-2.51147	38.7378
3.66108	-2.52719	38.8593
3.67234	-2.54262	38.981
3.68359	-2.55812	39.1025
3.69485	-2.57404	39.2236
3.7061	-2.58967	39.3449
3.71736	-2.60538	39.466
3.72861	-2.62116	39.5869
3.73987	-2.63737	39.7075
3.75113	-2.65331	39.8282
3.76238	-2.66968	39.9485
3.77364	-2.68578	40.0689
3.78489	-2.70232	40.1889
3.79615	-2.71858	40.309
3.8074	-2.73531	40.4287
3.81866	-2.75176	40.5486
3.82991	-2.76867	40.6681
3.84117	-2.78531	40.7877
3.85243	-2.80241	40.907
3.86368	-2.81924	41.0263
3.87494	-2.83655	41.1453
3.88619	-2.85357	41.2644
3.89745	-2.87108	41.3832
3.9087	-2.8883	41.5021
3.91996	-2.90562	41.621
3.93122	-2.92305	41.7397
3.94247	-2.94058	41.8584
3.95373	-2.95861	41.9767
3.96498	-2.97634	42.0952
3.97624	-2.99458	42.2133
3.98749	-3.01252	42.3316
3.99875	-3.03096	42.4496
4.01	-3.0491	42.5678
4.02126	-3.06734	42.6859
4.03252	-3.0865	42.8034
4.04377	-3.10494	42.9214
4.05503	-3.1235	43.0393
4.06628	-3.14215	43.1572
4.07754	-3.16173	43.2744
4.08879	-3.18059	43.3921
4.10005	-3.19954	43.5096
4.11131	-3.21859	43.6271
4.12256	-3.23816	43.7442
4.13382	-3.25782	43.8612
4.14507	-3.27715	43.9784
4.15633	-3.29658	44.0954
4.16758	-3.3161	44.2124
4.17884	-3.33614	44.3289
4.19009	-3.35585	44.4456
4.20135	-3.37566	44.5622
4.21261	-3.39554	44.6785
4.22386	-3.4164	44.7941
4.23512	-3.43646	44.9101
4.24637	-3.45661	45.0259
4.25763	-3.47684	45.1414
4.26888	-3.49805	45.2563
4.28014	-3.51845	45.3714
4.2914	-3.53893	45.4864
4.30265	-3.5595	45.6011
4.31391	-3.58107	45.715
4.32516	-3.60181	45.8291
4.33642	-3.62262	45.943
4.34767	-3.64352	46.0565
4.35893	-3.66497	46.1695
4.37018	-3.68602	46.2824
4.38144	-3.70763	46.3947
4.3927	-3.72885	46.507
4.40395	-3.75014	46.619
4.41521	-3.772	46.7303
4.42646	-3.79346	46.8416
4.43772	-3.815	46.9524
4.44897	-3.83663	47.0629
4.46023	-3.85931	47.1724
4.47149	-3.8811	47.282
4.48274	-3.90297	47.3912
4.494	-3.92492	47.5
4.50525	-3.94794	47.6078
4.51651	-3.97005	47.7158
4.52776	-3.99224	47.8234
4.53902	-4.01452	47.9305
4.55027	-4.0379	48.0366
4.56153	-4.06035	48.1428
4.57279	-4.08288	48.2486
4.58404	-4.10549	48.3539
4.5953	-4.12871	48.4584
4.60655	-4.15149	48.5627
4.61781	-4.17434	48.6667
4.62906	-4.19728	48.7701
4.64032	-4.22083	48.8729
4.65158	-4.24446	48.9751
4.66283	-4.26765	49.0773
4.67409	-4.29093	49.179
4.68534	-4.31428	49.2802
4.6966	-4.33879	49.3804
4.70785	-4.36231	49.4807
4.71911	-4.38645	49.5803
4.73037	-4.40958	49.6801
4.74162	-4.43387	49.7788
4.75288	-4.45825	49.8771
4.76413	-4.4816	49.9757
4.77539	-4.50613	50.0732
4.78664	-4.53075	50.1703
4.7979	-4.55545	50.267
4.80915	-4.5791	50.364
4.82041	-4.60395	50.4599
4.83167	-4.62887	50.5554
4.84292	-4.65387	50.6506
4.85418	-4.67778	50.7461
4.86543	-4.70292	50.8405
4.87669	-4.72696	50.9353
4.88794	-4.75339	51.0282
4.8992	-4.77757	51.1224
4.91046	-4.80298	51.2154
4.92171	-4.82728	51.3088
4.93297	-4.85281	51.4011
4.94422	-4.8784	51.493
4.95548	-4.90406	51.5846
4.96673	-4.92857	51.6767
4.97799	-4.95433	51.7677
4.98924	-4.98014	51.8583
5.0005	-5.0048	51.9495
5.01176	-5.03072	52.0395
5.02301	-5.05669	52.1293
5.03427	-5.08272	52.2187
5.04552	-5.10756	52.3086
5.05678	-5.13368	52.3974
5.06803	-5.15985	52.4858
5.07929	-5.18605	52.574
5.09055	-5.21104	52.6628
5.1018	-5.23733	52.7504
5.11306	-5.26238	52.8385
5.12431	-5.29002	52.9247
5.13557	-5.31515	53.0124
5.14682	-5.3416	53.0989
5.15808	-5.3668	53.186
5.16933	-5.39332	53.2718
5.18059	-5.41988	53.3574
5.19185	-5.44648	53.4427
5.2031	-5.47179	53.5287
5.21436	-5.49845	53.6134
5.22561	-5.52514	53.6979
5.23687	-5.55053	53.7831
5.24812	-5.57729	53.867
5.25938	-5.60409	53.9507
5.27064	-5.63093	54.0341
5.28189	-5.65645	54.1182
5.29315	-5.68335	54.201
5.3044	-5.71029	54.2836
5.31566	-5.73726	54.3658
5.32691	-5.76288	54.4488
5.33817	-5.78992	54.5305
5.34942	-5.81559	54.613
5.36068	-5.84409	54.6932
5.37194	-5.86983	54.7752
5.38319	-5.89701	54.856
5.39445	-5.92281	54.9375
5.4057	-5.95006	55.0177
5.41696	-5.97735	55.0976
5.42821	-6.00324	55.1783
5.43947	-6.0306	55.2577
5.45073	-6.058	55.3369
5.46198	-6.08543	55.4159
5.47324	-6.11145	55.4957
5.48449	-6.13897	55.5743
5.49575	-6.16654	55.6526
5.507	-6.19415	55.7306
5.51826	-6.22032	55.8096
5.52951	-6.24802	55.8872
5.54077	-6.27576	55.9646
5.55203	-6.30355	56.0417
5.56328	-6.32988	56.1198
5.57454	-6.35777	56.1966
5.58579	-6.38418	56.2743
5.59705	-6.41369	56.3495
5.6083	-6.4402	56.4268
5.61956	-6.4683	56.5028
5.63082	-6.49491	56.5797
5.64207	-6.52311	56.6552
5.65333	-6.55138	56.7305
5.66458	-6.57813	56.8068
5.67584	-6.60651	56.8817
5.68709	-6.63495	56.9563
5.69835	-6.66345	57.0308
5.7096	-6.69042	57.1063
5.72086	-6.71905	57.1804
5.73212	-6.74775	57.2542
5.74337	-6.77652	57.3278
5.75463	-6.80374	57.4025
5.76588	-6.83264	57.4756
5.77714	-6.86162	57.5486
5.78839	-6.89067	57.6212
5.79965	-6.91815	57.695
5.81091	-6.94735	57.7672
5.82216	-6.97662	57.8392
5.83342	-7.00598	57.911
5.84467	-7.03376	57.9839
5.85593	-7.06329	58.0551
5.86718	-7.09122	58.1275
5.87844	-7.12092	58.1983
5.88969	-7.15072	58.2687
5.90095	-7.1789	58.3402
5.91221	-7.20888	58.4101
5.92346	-7.23896	58.4797
5.93472	-7.26913	58.549
5.94597	-7.29767	58.6195
5.95723	-7.32806	58.6882
5.96848	-7.35856	58.7566
5.97974	-7.38917	58.8247
5.991	-7.41812	58.8939
6.00225	-7.44896	58.9613
6.01351	-7.47992	59.0283
6.02476	-7.511	59.095
6.03602	-7.5404	59.1628
6.04727	-7.57172	59.2287
6.05853	-7.60316	59.2943
6.06978	-7.63475	59.3595
6.08104	-7.66464	59.4258
6.0923	-7.69649	59.4903
6.10355	-7.72664	59.5558
6.11481	-7.75877	59.6194
6.12606	-7.79105	59.6826
6.13732	-7.82161	59.747
6.14857	-7.85418	59.8093
6.15983	-7.8869	59.8711
6.17109	-7.91978	59.9326
6.18234	-7.95091	59.9953
6.1936	-7.9841	60.0559
6.20485	-8.01746	60.116
6.21611	-8.05099	60.1757
6.22736	-8.08275	60.2366
6.23862	-8.11661	60.2953
6.24987	-8.15065	60.3535
6.26113	-8.18486	60.4113
6.27239	-8.21727	60.4703
6.28364	-8.25183	60.5271
6.2949	-8.28658	60.5834
6.30615	-8.32151	60.6392
6.31741	-8.35462	60.6964
6.32866	-8.38992	60.7512
6.33992	-8.42338	60.8074
6.35118	-8.45907	60.8611
6.36243	-8.49494	60.9143
6.37369	-8.52895	60.9689
6.38494	-8.56521	61.0211
6.3962	-8.60166	61.0727
6.40745	-8.63832	61.1237
6.41871	-8.67308	61.1762
6.42997	-8.71013	61.2261
6.44122	-8.74739	61.2754
6.45248	-8.78486	61.3242
6.46373	-8.82039	61.3744
6.47499	-8.85826	61.4219
6.48624	-8.89633	61.4688
6.4975	-8.93461	61.515
6.50875	-8.97091	61.5628
6.52001	-9.0096	61.6078
6.53127	-9.04849	61.6521
6.54252	-9.08538	61.698
6.55378	-9.12469	61.7411
6.56503	-9.16421	61.7834
6.57629	-9.2017	61.8273
6.58754	-9.24163	61.8682
6.5988	-9.28178	61.9084
6.61005	-9.31986	61.9502
6.62131	-9.36041	61.9888
6.63257	-9.40117	62.0266
6.64382	-9.44215	62.0638
6.65508	-9.48102	62.1026
6.66633	-9.52241	62.1381
6.67759	-9.56403	62.1728
6.68884	-9.60586	62.2066
6.7001	-9.64554	62.2421
6.71136	-9.68779	62.2741
6.72261	-9.73025	62.3052
6.73387	-9.77293	62.3353
6.74512	-9.8134	62.3672
6.75638	-9.85649	62.3954
6.76763	-9.8998	62.4227
6.77889	-9.94088	62.4517
6.79014	-9.98461	62.477
6.8014	-10.0261	62.5041
6.81266	-10.0703	62.5273
6.82391	-10.1146	62.5493
6.83517	-10.1592	62.5701
6.84642	-10.2015	62.5929
6.85768	-10.2466	62.6115
6.86893	-10.2918	62.6289
6.88019	-10.3372	62.6451
6.89145	-10.3803	62.6634
6.9027	-10.4262	62.6772
6.91396	-10.4723	62.6898
6.92521	-10.5187	62.7011
6.93647	-10.5626	62.7145
6.94772	-10.6094	62.7232
6.95898	-10.6564	62.7306
6.97023	-10.7036	62.7366
6.98149	-10.7484	62.7447
6.99275	-10.7961	62.748
7.004	-10.844	62.7499
7.01526	-10.8894	62.7542
7.02651	-10.9377	62.7534
7.03777	-10.9835	62.7549
7.04902	-11.0323	62.7511
7.06028	-11.0814	62.7459
7.07154	-11.1307	62.7391
7.08279	-11.1774	62.7348
7.09405	-11.2271	62.7251
7.1053	-11.2771	62.7139
7.11656	-11.3273	62.7011
7.12781	-11.3748	62.6909
7.13907	-11.4255	62.6751
7.15032	-11.4765	62.6576
7.16158	-11.5276	62.6385
7.17284	-11.5761	62.6223
7.18409	-11.6278	62.6
7.19535	-11.6796	62.576
7.2066	-11.7318	62.5504
7.21786	-11.7811	62.5279
7.22911	-11.8338	62.4991
7.24037	-11.8866	62.4685
7.25163	-11.9367	62.4414
7.26288	-11.99	62.4075
7.27414	-12.0405	62.3771
7.28539	-12.0943	62.3399
7.29665	-12.1484	62.3009
7.3079	-12.2028	62.2602
7.31916	-12.2542	62.2232
7.33042	-12.309	62.1791
7.34167	-12.364	62.1332
7.35293	-12.4194	62.0857
7.36418	-12.4717	62.0422
7.37544	-12.5275	61.9912
7.38669	-12.5836	61.9383
7.39795	-12.6399	61.8836
7.4092	-12.6932	61.8332
7.42046	-12.75	61.7748
7.43172	-12.8071	61.7146
7.44297	-12.8644	61.6526
7.45423	-12.9186	61.5953
7.46548	-12.9764	61.5297
7.47674	-13.0345	61.4622
7.48799	-13.0894	61.3996
7.49925	-13.1479	61.3284
7.51051	-13.2033	61.2622
7.52176	-13.2624	61.187
7.53302	-13.3217	61.1099
7.54427	-13.3813	61.0307
7.55553	-13.4376	60.9571
7.56678	-13.4977	60.874
7.57804	-13.5581	60.7889
7.58929	-13.6187	60.7018
7.60055	-13.6759	60.6206
7.61181	-13.737	60.5294
7.62306	-13.7984	60.436
7.63432	-13.8601	60.3403
7.64557	-13.9183	60.2511
7.65683	-13.9805	60.1511
7.66808	-14.0429	60.0489
7.67934	-14.1057	59.9445
7.6906	-14.1648	59.8469
7.70185	-14.228	59.7381
7.71311	-14.2916	59.6269
7.72436	-14.3514	59.5229
7.73562	-14.4155	59.4071
7.74687	-14.4759	59.2986
7.75813	-14.5405	59.1778
7.76938	-14.6054	59.0545
7.78064	-14.6706	58.9287
7.7919	-14.732	58.8108
7.80315	-14.7978	58.6799
7.81441	-14.8638	58.5463
7.82566	-14.9301	58.41
7.83692	-14.9926	58.2822
7.84817	-15.0596	58.1405
7.85943	-15.1268	57.9958
7.87069	-15.1944	57.8481
7.88194	-15.258	57.7096
7.8932	-15.3261	57.5561
7.90445	-15.3946	57.3996
7.91571	-15.459	57.2525
7.92696	-15.5281	57.0898
7.93822	-15.5975	56.9238
7.94947	-15.6673	56.7545
7.96073	-15.7329	56.5955
7.97199	-15.8033	56.4194
7.98324	-15.8696	56.254
7.9945	-15.9407	56.071
8.00575	-16.012	55.8844
8.01701	-16.0792	55.7089
8.02826	-16.1513	55.5149
8.03952	-16.2283	55.3016
8.05078	-16.2918	55.1309
8.06203	-16.3696	54.9092
8.07329	-16.4431	54.699
8.08454	-16.5122	54.5011
8.0958	-16.5864	54.2825
8.10705	-16.6562	54.0766
8.11831	-16.7311	53.8493
8.12956	-16.8064	53.6173
8.14082	-16.8772	53.3986
8.15208	-16.9532	53.1571
8.16333	-17.0345	52.8918
8.17459	-17.1014	52.6782
8.18584	-17.1835	52.4021
8.1971	-17.256	52.1597
8.20835	-17.3338	51.8919
8.21961	-17.4121	51.6187
8.23087	-17.4856	51.3606
8.24212	-17.5646	51.0758
8.25338	-17.6388	50.8067
8.26463	-17.7184	50.5099
8.27589	-17.8035	50.1839
8.28714	-17.8736	49.9198
8.2984	-17.9594	49.5799
8.30965	-18.0405	49.2563
8.32091	-18.1167	48.9497
8.33217	-18.1984	48.6119
8.34342	-18.2751	48.292
8.35468	-18.3574	47.9393
8.36593	-18.44	47.5787
8.37719	-18.5176	47.2369
8.38844	-18.6008	46.8602
8.3997	-18.6895	46.447
8.41096	-18.7625	46.1096
8.42221	-18.8517	45.678
8.43347	-18.9251	45.3251
8.44472	-19.0148	44.8743
8.45598	-19.0993	44.4434
8.46723	-19.1785	44.0339
8.47849	-19.2633	43.5835
8.48975	-19.3427	43.1551
8.501	-19.4276	42.684
8.51226	-19.5181	42.1678
8.52351	-19.5922	41.7433
8.53477	-19.6826	41.2038
8.54602	-19.7676	40.6873
8.55728	-19.847	40.1956
8.56853	-19.9318	39.6555
8.57979	-20.0109	39.1412
8.59105	-20.0953	38.5765
8.6023	-20.1794	37.9986
8.61356	-20.2578	37.4481
8.62481	-20.3412	36.8442
8.63607	-20.4295	36.1843
8.64732	-20.5014	35.638
8.65858	-20.5886	34.9491
8.66984	-20.6595	34.3783
8.68109	-20.7453	33.6597
8.69235	-20.8252	32.9709
8.7036	-20.8991	32.3144
8.71486	-20.9773	31.5964
8.72611	-21.0495	30.9121
8.73737	-21.1256	30.1644
8.74862	-21.2052	29.3505
8.75988	-21.2694	28.6745
8.77114	-21.3463	27.829
8.78239	-21.4171	27.0197
8.79365	-21.4818	26.2492
8.8049	-21.5494	25.41
8.81616	-21.611	24.6115
8.82741	-21.6751	23.7428
8.83867	-21.7372	22.8592
8.84993	-21.7932	22.0193
8.86118	-21.8511	21.1075
8.87244	-21.9103	20.1215
8.88369	-21.9563	19.3029
8.89495	-22.0103	18.2894
8.9062	-22.0519	17.4482
8.91746	-22.1005	16.4089
8.92871	-22.143	15.42
8.93997	-22.1799	14.4841
8.95123	-22.2166	13.4741
8.96248	-22.2479	12.5196
8.97374	-22.2784	11.4915
8.98499	-22.3077	10.3889
8.99625	-22.3278	9.47794
9.0075	-22.3501	8.3612
9.01876	-22.3671	7.30546
9.03001	-22.3795	6.3125
9.04127	-22.3896	5.24853
9.05253	-22.3954	4.2496
9.06378	-22.3985	3.18118
9.07504	-22.398	2.11193
9.08629	-22.3937	1.11092
9.09755	-22.3861	0.0432914
9.1088	-22.3747	-1.08975
9.12006	-22.3606	-2.01659
9.13132	-22.3419	-3.14193
9.14257	-22.3218	-4.06058
9.15383	-22.2959	-5.1744
9.16508	-22.2674	-6.21419
9.17634	-22.2371	-7.18041
9.18759	-22.2022	-8.2041
9.19885	-22.1659	-9.1534
9.2101	-22.1249	-10.1578
9.22136	-22.0789	-11.2147
9.23262	-22.0363	-12.0696
9.24387	-21.9844	-13.1019
9.25513	-21.9321	-14.0583
9.26638	-21.8799	-14.9405
9.27764	-21.8226	-15.8706
9.28889	-21.766	-16.727
9.30015	-21.7043	-17.6289
9.31141	-21.6404	-18.5159
9.32266	-21.5778	-19.3305
9.33392	-21.5101	-20.1875
9.34517	-21.4369	-21.084
9.35643	-21.373	-21.7996
9.36768	-21.2965	-22.6635
9.37894	-21.2299	-23.3513
9.39019	-21.1505	-24.1824
9.40145	-21.0737	-24.9445
9.41271	-21.0039	-25.5902
9.42396	-20.9166	-26.4208
9.43522	-20.845	-27.038
9.44647	-20.7642	-27.738
9.45773	-20.6826	-28.4224
9.46898	-20.6003	-29.0912
9.48024	-20.5174	-29.7445
9.4915	-20.4339	-30.3827
9.50275	-20.3589	-30.919
9.51401	-20.2746	-31.5291
9.52526	-20.19	-32.1247
9.53652	-20.1051	-32.706
9.54777	-20.0199	-33.2732
9.55903	-19.9347	-33.8266
9.57028	-19.8493	-34.3664
9.58154	-19.7639	-34.8929
9.5928	-19.6879	-35.3315
9.60405	-19.6025	-35.8338
9.61531	-19.5173	-36.3236
9.62656	-19.4322	-36.8012
9.63782	-19.3473	-37.2669
9.64907	-19.272	-37.6525
9.66033	-19.1782	-38.1635
9.67159	-19.1035	-38.5293
9.68284	-19.0196	-38.9512
9.6941	-18.9361	-39.3627
9.70535	-18.853	-39.7638
9.71661	-18.7702	-40.1549
9.72786	-18.6879	-40.5362
9.73912	-18.6153	-40.8489
9.75037	-18.5339	-41.2124
9.76163	-18.4529	-41.5669
9.77289	-18.3724	-41.9126
9.78414	-18.2924	-42.2497
9.7954	-18.2221	-42.5245
9.80665	-18.134	-42.8993
9.81791	-18.0556	-43.2121
9.82916	-17.9868	-43.466
9.84042	-17.9095	-43.7647
9.85168	-17.8328	-44.056
9.86293	-17.7566	-44.3404
9.87419	-17.681	-44.6179
9.88544	-17.6149	-44.8416
9.8967	-17.5317	-45.1532
9.90795	-17.4667	-45.3658
9.91921	-17.3934	-45.6187
9.93046	-17.3208	-45.8656
9.94172	-17.2488	-46.1068
9.95298	-17.1774	-46.3425
9.96423	-17.1066	-46.5728
9.97549	-17.045	-46.7563
9.98674	-16.9753	-46.9768
9.998	-16.9063	-47.1924
10.0093	-16.8379	-47.4032
10.0205	-16.7701	-47.6095
10.0318	-16.7113	-47.7727
10.043	-16.6363	-48.0085
10.0543	-16.5703	-48.2015
10.0655	-16.5131	-48.3537
10.0768	-16.4482	-48.5391
10.088	-16.3839	-48.7206
10.0993	-16.3202	-48.8984
10.1106	-16.2571	-49.0725
10.1218	-16.2025	-49.2088
10.1331	-16.1325	-49.4101
10.1443	-16.0711	-49.5739
10.1556	-16.0181	-49.7017
10.1668	-15.9577	-49.8596
10.1781	-15.8979	-50.0144
10.1893	-15.8386	-50.1662
10.2006	-15.7798	-50.3151
10.2119	-15.7293	-50.4307
10.2231	-15.6716	-50.5745
10.2344	-15.6143	-50.7157
10.2456	-15.5576	-50.8544
10.2569	-15.5013	-50.9907
10.2681	-15.4531	-51.096
10.2794	-15.3903	-51.2561
10.2906	-15.3355	-51.3854
10.3019	-15.2886	-51.485
10.3132	-15.2347	-51.6102
10.3244	-15.1813	-51.7335
10.3357	-15.1283	-51.8548
10.3469	-15.0758	-51.9741
10.3582	-15.0309	-52.0658
10.3694	-14.972	-52.2073
10.3807	-14.9207	-52.3213
10.3919	-14.877	-52.4086
10.4032	-14.8265	-52.5194
10.4145	-14.7764	-52.6287
10.4257	-14.7267	-52.7363
10.437	-14.6774	-52.8424
10.4482	-14.6355	-52.9235
10.4595	-14.5869	-53.027
10.4707	-14.5386	-53.129
10.482	-14.4907	-53.2297
10.4932	-14.4432	-53.3291
10.5045	-14.4028	-53.4051
10.5158	-14.3491	-53.524
10.527	-14.3026	-53.6196
10.5383	-14.2631	-53.6926
10.5495	-14.2171	-53.786
10.5608	-14.1715	-53.8783
10.572	-14.1262	-53.9694
10.5833	-14.0811	-54.0595
10.5945	-14.0429	-54.1283
10.6058	-13.9919	-54.2364
10.6171	-13.9477	-54.3234
10.6283	-13.9102	-54.3898
10.6396	-13.8665	-54.475
10.6508	-13.8231	-54.5591
10.6621	-13.7799	-54.6423
10.6733	-13.7369	-54.7245
10.6846	-13.7005	-54.7874
10.6958	-13.658	-54.8679
10.7071	-13.6157	-54.9477
10.7184	-13.5736	-55.0264
10.7296	-13.5318	-55.1043
10.7409	-13.4964	-55.1639
10.7521	-13.4487	-55.2575
10.7634	-13.4074	-55.3327
10.7746	-13.3725	-55.3903
10.7859	-13.3316	-55.4639
10.7971	-13.2909	-55.5367
10.8084	-13.2504	-55.6087
10.8197	-13.2101	-55.6798
10.8309	-13.1759	-55.7342
10.8422	-13.1299	-55.8195
10.8534	-13.09	-55.8881
10.8647	-13.0563	-55.9403
10.8759	-13.0167	-56.0073
10.8872	-12.9773	-56.0734
10.8984	-12.938	-56.1386
10.9097	-12.8989	-56.203
10.921	-12.8657	-56.2519
10.9322	-12.8268	-56.3147
10.9435	-12.7881	-56.3765
10.9547	-12.7494	-56.4376
10.966	-12.7109	-56.4977
10.9772	-12.6783	-56.5431
10.9885	-12.6343	-56.6151
10.9997	-12.5962	-56.6725
11.011	-12.5638	-56.7156
11.0223	-12.5258	-56.7712
11.0335	-12.488	-56.826
11.0448	-12.4503	-56.8798
11.056	-12.4126	-56.9326
11.0673	-12.3806	-56.972
11.0785	-12.3377	-57.0355
11.0898	-12.3004	-57.0856
11.1011	-12.2686	-57.1224
11.1123	-12.2314	-57.1706
11.1236	-12.1943	-57.2179
11.1348	-12.1574	-57.2641
11.1461	-12.1205	-57.3093
11.1573	-12.089	-57.3421
11.1686	-12.0523	-57.3855
11.1798	-12.0156	-57.4279
11.1911	-11.9791	-57.4694
11.2024	-11.9426	-57.5098
11.2136	-11.9114	-57.5383
11.2249	-11.8699	-57.5876
11.2361	-11.8336	-57.625
11.2474	-11.8027	-57.6507
11.2586	-11.7666	-57.6861
11.2699	-11.7306	-57.7206
11.2811	-11.6947	-57.754
11.2924	-11.6589	-57.7863
11.3037	-11.6282	-57.8077
11.3149	-11.5875	-57.8481
11.3262	-11.5519	-57.8773
11.3374	-11.5214	-57.896
11.3487	-11.486	-57.9233
11.3599	-11.4507	-57.9496
11.3712	-11.4155	-57.9749
11.3824	-11.3803	-57.9992
11.3937	-11.3502	-58.0133
11.405	-11.3152	-58.0356
11.4162	-11.2804	-58.057
11.4275	-11.2456	-58.0773
11.4387	-11.211	-58.0966
11.45	-11.1812	-58.1063
11.4612	-11.1419	-58.1323
11.4725	-11.1076	-58.1486
11.4837	-11.0781	-58.1554
11.495	-11.044	-58.1699
11.5063	-11.0099	-58.1833
11.5175	-10.976	-58.1958
11.5288	-10.9422	-58.2073
11.54	-10.9132	-58.2098
11.5513	-10.875	-58.2273
11.5625	-10.8416	-58.2359
11.5738	-10.8129	-58.2357
11.585	-10.7797	-58.2424
11.5963	-10.7467	-58.2482
11.6076	-10.7138	-58.253
11.6188	-10.681	-58.2569
11.6301	-10.6529	-58.2524
11.6413	-10.6204	-58.2545
11.6526	-10.588	-58.2557
11.6638	-10.5558	-58.256
11.6751	-10.5238	-58.2553
11.6863	-10.4963	-58.2467
11.6976	-10.4602	-58.2512
11.7089	-10.4286	-58.2478
11.7201	-10.4015	-58.2368
11.7314	-10.3703	-58.2317
11.7426	-10.3392	-58.2257
11.7539	-10.3083	-58.2189
11.7651	-10.2776	-58.2112
11.7764	-10.2512	-58.1961
11.7876	-10.2166	-58.1933
11.7989	-10.1864	-58.183
11.8102	-10.1605	-58.1656
11.8214	-10.1307	-58.1538
11.8327	-10.101	-58.1411
11.8439	-10.0715	-58.1277
11.8552	-10.0422	-58.1134
11.8664	-10.0172	-58.0923
11.8777	-9.98825	-58.0765
11.8889	-9.9595	-58.06
11.9002	-9.93095	-58.0426
11.9115	-9.90259	-58.0245
11.9227	-9.87845	-57.9999
11.934	-9.84647	-57.9862
11.9452	-9.8187	-57.9658
11.9565	-9.79511	-57.9392
11.9677	-9.76773	-57.9175
11.979	-9.74055	-57.8952
11.9902	-9.71358	-57.8721
12.0015	-9.6868	-57.8485
12.0128	-9.66413	-57.8187
12.024	-9.63775	-57.7937
12.0353	-9.60771	-57.7735
12.0465	-9.5856	-57.7419
12.0578	-9.55983	-57.7151
12.069	-9.53427	-57.6877
12.0803	-9.50891	-57.6597
12.0915	-9.48376	-57.6312
12.1028	-9.46259	-57.5971
12.1141	-9.43783	-57.5676
12.1253	-9.41328	-57.5375
12.1366	-9.38893	-57.5069
12.1478	-9.36479	-57.4759
12.1591	-9.34456	-57.4395
12.1703	-9.31711	-57.4125
12.1816	-9.29358	-57.3802
12.1928	-9.27391	-57.3426
12.2041	-9.25077	-57.3095
12.2154	-9.22783	-57.276
12.2266	-9.20509	-57.2422
12.2379	-9.18255	-57.208
12.2491	-9.16382	-57.1688
12.2604	-9.14167	-57.1341
12.2716	-9.11613	-57.1036
12.2829	-9.09796	-57.0637
12.2941	-9.0764	-57.0282
12.3054	-9.05504	-56.9924
12.3167	-9.03387	-56.9564
12.3279	-9.0129	-56.9202
12.3392	-8.99563	-56.8794
12.3504	-8.97503	-56.843
12.3617	-8.95463	-56.8064
12.3729	-8.93441	-56.7696
12.3842	-8.91439	-56.7328
12.3954	-8.898	-56.6915
12.4067	-8.87491	-56.6589
12.418	-8.85545	-56.6219
12.4292	-8.8396	-56.5805
12.4405	-8.8205	-56.5434
12.4517	-8.80159	-56.5063
12.463	-8.78287	-56.4693
12.4742	-8.76432	-56.4323
12.4855	-8.74932	-56.3911
12.4967	-8.73113	-56.3542
12.508	-8.70977	-56.3215
12.5193	-8.69528	-56.2806
12.5305	-8.67761	-56.2439
12.5418	-8.66013	-56.2074
12.553	-8.64282	-56.1709
12.5643	-8.62568	-56.1346
12.5755	-8.61199	-56.0944
12.5868	-8.59518	-56.0584
12.598	-8.57854	-56.0226
12.6093	-8.56207	-55.987
12.6206	-8.54576	-55.9515
12.6318	-8.53284	-55.9123
12.6431	-8.51363	-55.8812
12.6543	-8.4978	-55.8463
12.6656	-8.48533	-55.8078
12.6768	-8.46981	-55.7734
12.6881	-8.45445	-55.7392
12.6993	-8.43924	-55.7052
12.7106	-8.42418	-55.6715
12.7219	-8.41242	-55.6343
12.7331	-8.39764	-55.6011
12.7444	-8.37986	-55.572
12.7556	-8.36851	-55.5353
12.7669	-8.35415	-55.5027
12.7781	-8.34304	-55.4665
12.7894	-8.32583	-55.4381
12.8006	-8.31187	-55.4062
12.8119	-8.30114	-55.3709
12.8232	-8.28743	-55.3396
12.8344	-8.27386	-55.3085
12.8457	-8.2604	-55.2778
12.8569	-8.24706	-55.2474
12.8682	-8.23689	-55.2136
12.8794	-8.22073	-55.1874
12.8907	-8.20774	-55.1578
12.902	-8.19788	-55.1249
12.9132	-8.18509	-55.0959
12.9245	-8.17242	-55.0673
12.9357	-8.15984	-55.0389
12.947	-8.14736	-55.0108
12.9582	-8.13797	-54.9795
12.9695	-8.12567	-54.952
12.9807	-8.11049	-54.9284
12.992	-8.10135	-54.898
13.0033	-8.08931	-54.8714
13.0145	-8.08032	-54.8416
13.0258	-8.0655	-54.8192
13.037	-8.05371	-54.7935
13.0483	-8.04494	-54.7646
13.0595	-8.03329	-54.7396
13.0708	-8.02171	-54.7148
13.082	-8.01019	-54.6904
13.0933	-7.99875	-54.6662
13.1046	-7.99027	-54.6389
13.1158	-7.97605	-54.6187
13.1271	-7.96479	-54.5954
13.1383	-7.95647	-54.569
13.1496	-7.94532	-54.5464
13.1608	-7.93422	-54.524
13.1721	-7.92317	-54.5019
13.1833	-7.91216	-54.4801
13.1946	-7.90406	-54.4552
13.2059	-7.89314	-54.434
13.2171	-7.87943	-54.4164
13.2284	-7.87143	-54.3923
13.2396	-7.86064	-54.372
13.2509	-7.85272	-54.3485
13.2621	-7.83919	-54.332
13.2734	-7.82851	-54.3124
13.2846	-7.82068	-54.2898
13.2959	-7.81007	-54.2708
13.3072	-7.79949	-54.252
13.3184	-7.78894	-54.2335
13.3297	-7.77842	-54.2152
13.3409	-7.77071	-54.1939
13.3522	-7.75748	-54.1793
13.3634	-7.74706	-54.1617
13.3747	-7.73942	-54.1412
13.3859	-7.72904	-54.1241
13.3972	-7.7187	-54.1071
13.4085	-7.70837	-54.0904
13.4197	-7.69808	-54.0739
13.431	-7.69053	-54.0545
13.4422	-7.68028	-54.0383
13.4535	-7.66734	-54.0255
13.4647	-7.65985	-54.0066
13.476	-7.64968	-53.9909
13.4872	-7.64222	-53.9724
13.4985	-7.62939	-53.9601
13.5098	-7.61929	-53.9448
13.521	-7.6119	-53.9267
13.5323	-7.60184	-53.9117
13.5435	-7.5918	-53.8968
13.5548	-7.58178	-53.882
13.566	-7.57179	-53.8673
13.5773	-7.56448	-53.8497
13.5885	-7.55188	-53.838
13.5998	-7.54196	-53.8235
13.6111	-7.5347	-53.806
13.6223	-7.52482	-53.7915
13.6336	-7.51497	-53.777
13.6448	-7.50514	-53.7626
13.6561	-7.49533	-53.7481
13.6673	-7.48816	-53.7308
13.6786	-7.4784	-53.7163
13.6898	-7.46605	-53.7046
13.7011	-7.45893	-53.6872
13.7124	-7.44923	-53.6726
13.7236	-7.44215	-53.655
13.7349	-7.42991	-53.6431
13.7461	-7.42029	-53.6282
13.7574	-7.41326	-53.6105
13.7686	-7.40368	-53.5955
13.7799	-7.39411	-53.5803
13.7911	-7.38458	-53.5651
13.8024	-7.37506	-53.5497
13.8137	-7.36811	-53.5315
13.8249	-7.35609	-53.5186
13.8362	-7.34664	-53.5028
13.8474	-7.33974	-53.4841
13.8587	-7.33034	-53.468
13.8699	-7.32095	-53.4518
13.8812	-7.31159	-53.4354
13.8924	-7.30225	-53.4188
13.9037	-7.29544	-53.3994
13.915	-7.28614	-53.3825
13.9262	-7.27436	-53.3681
13.9375	-7.2676	-53.3482
13.9487	-7.25836	-53.3308
13.96	-7.25164	-53.3105
13.9712	-7.23996	-53.2953
13.9825	-7.23079	-53.2773
13.9937	-7.22412	-53.2565
14.005	-7.215	-53.2381
14.0163	-7.2059	-53.2196
14.0275	-7.19682	-53.2009
14.0388	-7.18776	-53.182
14.05	-7.18118	-53.1603
14.0613	-7.16972	-53.1436
14.0725	-7.16074	-53.1241
14.0838	-7.15421	-53.102
14.095	-7.14528	-53.0821
14.1063	-7.13637	-53.0621
14.1176	-7.12748	-53.042
14.1288	-7.11863	-53.0216
14.1401	-7.1122	-52.9987
14.1513	-7.1034	-52.9781
14.1626	-7.09223	-52.9597
14.1738	-7.08588	-52.9363
14.1851	-7.07716	-52.9152
14.1963	-7.07085	-52.8915
14.2076	-7.05981	-52.8725
14.2189	-7.05119	-52.8509
14.2301	-7.04496	-52.8268
14.2414	-7.0364	-52.805
14.2526	-7.02787	-52.783
14.2639	-7.01937	-52.7609
14.2751	-7.01092	-52.7386
14.2864	-7.00484	-52.7139
14.2976	-6.99411	-52.6938
14.3089	-6.98576	-52.6712
14.3202	-6.97978	-52.6461
14.3314	-6.9715	-52.6232
14.3427	-6.96326	-52.6002
14.3539	-6.95506	-52.5771
14.3652	-6.94691	-52.5539
14.3764	-6.9411	-52.5282
14.3877	-6.93302	-52.5048
14.3989	-6.9227	-52.4835
14.4102	-6.917	-52.4576
14.4215	-6.90905	-52.4338
14.4327	-6.90343	-52.4076
14.444	-6.89328	-52.3859
14.4552	-6.88547	-52.3617
14.4665	-6.87996	-52.3352
14.4777	-6.87223	-52.3109
14.489	-6.86454	-52.2864
14.5002	-6.8569	-52.2618
14.5115	-6.84931	-52.2371
14.5228	-6.844	-52.21
14.534	-6.83425	-52.1873
14.5453	-6.82679	-52.1623
14.5565	-6.8216	-52.1349
14.5678	-6.81422	-52.1096
14.579	-6.80688	-52.0842
14.5903	-6.79958	-52.0586
14.6016	-6.79233	-52.033
14.6128	-6.78734	-52.005
14.6241	-6.78017	-51.979
14.6353	-6.77084	-51.9552
14.6466	-6.76596	-51.9269
14.6578	-6.75892	-51.9006
14.6691	-6.7541	-51.8721
14.6803	-6.74494	-51.8477
14.6916	-6.738	-51.8211
14.7029	-6.73328	-51.7922
14.7141	-6.72641	-51.7653
14.7254	-6.71959	-51.7382
14.7366	-6.71279	-51.7111
14.7479	-6.70604	-51.6838
14.7591	-6.70147	-51.6543
14.7704	-6.69478	-51.6268
14.7816	-6.68597	-51.6014
14.7929	-6.68147	-51.5716
14.8042	-6.67486	-51.5438
14.8154	-6.66827	-51.5159
14.8267	-6.66171	-51.4879
14.8379	-6.65518	-51.4598
14.8492	-6.6508	-51.4294
14.8604	-6.64432	-51.4011
14.8717	-6.63576	-51.3749
14.8829	-6.63144	-51.3443
14.8942	-6.62503	-51.3158
14.9055	-6.62074	-51.2851
14.9167	-6.61227	-51.2586
14.928	-6.60591	-51.2299
14.9392	-6.60166	-51.199
14.9505	-6.59534	-51.1702
14.9617	-6.58904	-51.1413
14.973	-6.58277	-51.1123
14.9842	-6.57651	-51.0833
14.9955	-6.57233	-51.0522
15.0068	-6.56611	-51.0232
15.018	-6.55784	-50.9962
15.0293	-6.5537	-50.9651
15.0405	-6.54752	-50.936
15.0518	-6.54135	-50.9069
15.063	-6.5352	-50.8778
15.0743	-6.52907	-50.8486
15.0855	-6.52499	-50.8174
15.0968	-6.5189	-50.7882
15.1081	-6.5108	-50.7612
15.1193	-6.50677	-50.73
15.1306	-6.50073	-50.7009
15.1418	-6.49672	-50.6698
15.1531	-6.4887	-50.6428
15.1643	-6.48271	-50.6137
15.1756	-6.47874	-50.5826
15.1868	-6.47279	-50.5536
15.1981	-6.46686	-50.5246
15.2094	-6.46096	-50.4956
15.2206	-6.45508	-50.4666
15.2319	-6.45121	-50.4356
15.2431	-6.44538	-50.4067
15.2544	-6.4376	-50.3799
15.2656	-6.43378	-50.349
15.2769	-6.42802	-50.3202
15.2881	-6.42228	-50.2913
15.2994	-6.41657	-50.2625
15.3107	-6.41089	-50.2337
15.3219	-6.40719	-50.2028
15.3332	-6.40157	-50.174
15.3444	-6.39404	-50.1472
15.3557	-6.39042	-50.1163
15.3669	-6.3849	-50.0876
15.3782	-6.38133	-50.0567
15.3894	-6.37393	-50.0299
15.4007	-6.3685	-50.0011
15.412	-6.36501	-49.9702
15.4232	-6.35964	-49.9413
15.4345	-6.35431	-49.9124
15.4457	-6.34901	-49.8834
15.457	-6.34375	-49.8543
15.4682	-6.34043	-49.8233
15.4795	-6.33524	-49.7942
15.4907	-6.3282	-49.7671
15.502	-6.32497	-49.7359
15.5133	-6.31988	-49.7066
15.5245	-6.31671	-49.6753
15.5358	-6.30982	-49.6479
15.547	-6.30485	-49.6184
15.5583	-6.30178	-49.5869
15.5695	-6.29688	-49.5572
15.5808	-6.29016	-49.5295
15.592	-6.2872	-49.4977
15.6033	-6.28241	-49.4679
15.6146	-6.27951	-49.436
15.6258	-6.27295	-49.408
15.6371	-6.26827	-49.3779
15.6483	-6.26546	-49.3456
15.6596	-6.26085	-49.3153
15.6708	-6.25627	-49.2849
15.6821	-6.25173	-49.2544
15.6933	-6.24723	-49.2239
15.7046	-6.24459	-49.1912
15.7159	-6.24016	-49.1605
15.7271	-6.23395	-49.1317
15.7384	-6.23139	-49.0988
15.7496	-6.22706	-49.0678
15.7609	-6.22456	-49.0347
15.7721	-6.2185	-49.0056
15.7834	-6.21427	-48.9744
15.7946	-6.21186	-48.9411
15.8059	-6.2077	-48.9098
15.8172	-6.20179	-48.8804
15.8284	-6.19947	-48.8469
15.8397	-6.19541	-48.8155
15.8509	-6.19315	-48.7819
15.8622	-6.18738	-48.7524
15.8734	-6.18341	-48.7208
15.8847	-6.18124	-48.6871
15.8959	-6.17733	-48.6555
15.9072	-6.17346	-48.6238
15.9185	-6.16962	-48.5921
15.9297	-6.16582	-48.5604
15.941	-6.1638	-48.5267
15.9522	-6.16006	-48.495
15.9635	-6.15461	-48.4654
15.9747	-6.15268	-48.4317
15.986	-6.14904	-48.4001
15.9972	-6.14716	-48.3665
16.0085	-6.14014	-48.339
16.0198	-6.14004	-48.3034
16.031	-6.13653	-48.2719
16.0423	-6.13306	-48.2405
16.0535	-6.12792	-48.2112
16.0648	-6.12453	-48.1799
16.076	-6.12457	-48.1446
16.0873	-6.12123	-48.1134
16.0985	-6.11624	-48.0843
16.1098	-6.11298	-48.0533
16.1211	-6.10975	-48.0223
16.1323	-6.10994	-47.9873
16.1436	-6.1051	-47.9585
16.1548	-6.10198	-47.9278
16.1661	-6.0989	-47.8971
16.1773	-6.09585	-47.8665
16.1886	-6.09451	-47.834
16.1999	-6.09153	-47.8035
16.2111	-6.08859	-47.7732
16.2224	-6.08568	-47.743
16.2336	-6.0828	-47.7128
16.2449	-6.07831	-47.6847
16.2561	-6.0788	-47.6506
16.2674	-6.07602	-47.6206
16.2786	-6.07328	-47.5907
16.2899	-6.06893	-47.563
16.3011	-6.06626	-47.5333
16.3124	-6.06687	-47.4995
16.3237	-6.06425	-47.4699
16.3349	-6.06002	-47.4425
16.3462	-6.05746	-47.413
16.3574	-6.05491	-47.3836
16.3687	-6.05563	-47.35
16.3799	-6.05152	-47.3228
16.3912	-6.04905	-47.2935
16.4025	-6.0466	-47.2643
16.4137	-6.04416	-47.2351
16.425	-6.04335	-47.2038
16.4362	-6.04095	-47.1748
16.4475	-6.03855	-47.1457
16.4587	-6.03617	-47.1166
16.47	-6.0338	-47.0876
16.4812	-6.03144	-47.0585
16.4925	-6.03067	-47.0274
16.5038	-6.02831	-46.9984
16.515	-6.02596	-46.9694
16.5263	-6.02204	-46.9425
16.5375	-6.0197	-46.9135
16.5488	-6.02048	-46.8803
16.56	-6.01811	-46.8513
16.5713	-6.01418	-46.8245
16.5825	-6.01179	-46.7955
16.5938	-6.00939	-46.7665
16.6051	-6.01008	-46.7333
16.6163	-6.0061	-46.7064
16.6276	-6.00365	-46.6773
16.6388	-6.00117	-46.6483
16.6501	-5.99868	-46.6193
16.6613	-5.99769	-46.5881
16.6726	-5.99514	-46.559
16.6838	-5.99255	-46.53
16.6951	-5.98993	-46.5009
16.7064	-5.98728	-46.4718
16.7176	-5.98459	-46.4427
16.7289	-5.98337	-46.4114
16.7401	-5.9806	-46.3823
16.7514	-5.97779	-46.3532
16.7626	-5.97342	-46.3262
16.7739	-5.97052	-46.297
16.7851	-5.97058	-46.2636
16.7964	-5.96757	-46.2344
16.8077	-5.96303	-46.2075
16.8189	-5.95992	-46.1783
16.8302	-5.95676	-46.1491
16.8414	-5.95652	-46.1156
16.8527	-5.95176	-46.0886
16.8639	-5.94844	-46.0594
16.8752	-5.94506	-46.0302
16.8864	-5.94162	-46.001
16.8977	-5.93959	-45.9696
16.909	-5.93603	-45.9404
16.9202	-5.93241	-45.9112
16.9315	-5.92872	-45.882
16.9427	-5.92498	-45.8528
16.954	-5.92117	-45.8235
16.9652	-5.91875	-45.7921
16.9765	-5.91482	-45.7628
16.9877	-5.91083	-45.7335
16.999	-5.90678	-45.7041
17.0103	-5.90123	-45.6769
17.0215	-5.89993	-45.6432
17.0328	-5.89569	-45.6138
17.044	-5.88996	-45.5865
17.0553	-5.88561	-45.5571
17.0665	-5.88119	-45.5275
17.0778	-5.87955	-45.4936
17.089	-5.87359	-45.4661
17.1003	-5.869	-45.4363
17.1116	-5.86435	-45.4065
17.1228	-5.85964	-45.3766
17.1341	-5.85628	-45.3445
17.1453	-5.85146	-45.3144
17.1566	-5.84659	-45.2843
17.1678	-5.84166	-45.254
17.1791	-5.83669	-45.2235
17.1903	-5.83166	-45.193
17.2016	-5.82796	-45.1602
17.2129	-5.82282	-45.1293
17.2241	-5.81765	-45.0983
17.2354	-5.81243	-45.0671
17.2466	-5.8058	-45.0378
17.2579	-5.80321	-45.002
17.2691	-5.79786	-44.9703
17.2804	-5.79111	-44.9404
17.2916	-5.78567	-44.9082
17.3029	-5.7802	-44.8758
17.3142	-5.77737	-44.839
17.3254	-5.77047	-44.8081
17.3367	-5.76488	-44.7749
17.3479	-5.75926	-44.7414
17.3592	-5.75361	-44.7077
17.3704	-5.74925	-44.6716
17.3817	-5.74353	-44.6372
17.3929	-5.73779	-44.6026
17.4042	-5.73201	-44.5676
17.4155	-5.72621	-44.5323
17.4267	-5.72038	-44.4967
17.438	-5.71583	-44.4587
17.4492	-5.70995	-44.4223
17.4605	-5.70405	-44.3856
17.4717	-5.69813	-44.3485
17.483	-5.69091	-44.3131
17.4942	-5.68752	-44.2712
17.5055	-5.68155	-44.233
17.5168	-5.67428	-44.1964
17.528	-5.66828	-44.1575
17.5393	-5.66226	-44.1181
17.5505	-5.65876	-44.0743
17.5618	-5.65146	-44.0361
17.573	-5.64541	-43.9955
17.5843	-5.63935	-43.9544
17.5955	-5.63328	-43.9129
17.6068	-5.62846	-43.8691
17.6181	-5.62239	-43.8268
17.6293	-5.61631	-43.7841
17.6406	-5.61023	-43.741
17.6518	-5.60415	-43.6975
17.6631	-5.59807	-43.6536
17.6743	-5.59322	-43.6073
17.6856	-5.58714	-43.5625
17.6968	-5.58108	-43.5173
17.7081	-5.57502	-43.4717
17.7194	-5.56777	-43.4277
17.7306	-5.56413	-43.3774
17.7419	-5.5581	-43.3307
17.7531	-5.55209	-43.2835
17.7644	-5.5449	-43.2379
17.7756	-5.53892	-43.19
17.7869	-5.53532	-43.1379
17.7981	-5.52819	-43.0912
17.8094	-5.52227	-43.0422
17.8207	-5.51637	-42.9929
17.8319	-5.5105	-42.9432
17.8432	-5.50581	-42.8913
17.8544	-5.49999	-42.841
17.8657	-5.49419	-42.7903
17.8769	-5.48843	-42.7394
17.8882	-5.48271	-42.6882
17.8994	-5.47702	-42.6367
17.9107	-5.4725	-42.5831
17.922	-5.46687	-42.531
17.9332	-5.46129	-42.4787
17.9445	-5.45576	-42.4262
17.9557	-5.44915	-42.3753
17.967	-5.44593	-42.3186
17.9782	-5.44052	-42.2654
17.9895	-5.43517	-42.2121
18.0007	-5.42877	-42.1603
18.012	-5.42352	-42.1066
18.0233	-5.4205	-42.049
18.0345	-5.41427	-41.9968
18.0458	-5.40918	-41.9426
18.057	-5.40416	-41.8883
18.0683	-5.39919	-41.8338
18.0795	-5.39535	-41.7775
18.0908	-5.39051	-41.7228
18.1021	-5.38573	-41.6681
18.1133	-5.38102	-41.6133
18.1246	-5.37637	-41.5585
18.1358	-5.3718	-41.5036
18.1471	-5.36833	-41.4469
18.1583	-5.36389	-41.3919
18.1696	-5.35952	-41.337
18.1808	-5.35523	-41.282
18.1921	-5.34999	-41.2288
18.2034	-5.34789	-41.1703
18.2146	-5.34382	-41.1154
18.2259	-5.33983	-41.0605
18.2371	-5.33491	-41.0075
18.2484	-5.33109	-40.9528
18.2596	-5.32934	-40.8945
18.2709	-5.32467	-40.8418
18.2821	-5.32108	-40.7873
18.2934	-5.31757	-40.7329
18.3047	-5.31414	-40.6786
18.3159	-5.31178	-40.6226
18.3272	-5.30852	-40.5686
18.3384	-5.30534	-40.5147
18.3497	-5.30224	-40.461
18.3609	-5.29923	-40.4074
18.3722	-5.2963	-40.354
18.3834	-5.2944	-40.299
18.3947	-5.29164	-40.2459
18.406	-5.28895	-40.1931
18.4172	-5.28635	-40.1404
18.4285	-5.28288	-40.0898
18.4397	-5.28232	-40.0339
18.451	-5.27996	-39.9819
18.4622	-5.27768	-39.9301
18.4735	-5.27455	-39.8803
18.4847	-5.27243	-39.829
18.496	-5.27223	-39.7743
18.5073	-5.27025	-39.7235
18.5185	-5.26744	-39.6748
18.5298	-5.26562	-39.6245
18.541	-5.26387	-39.5745
18.5523	-5.26309	-39.5229
18.5635	-5.26148	-39.4734
18.5748	-5.25994	-39.4243
18.586	-5.25846	-39.3754
18.5973	-5.25705	-39.3269
18.6086	-5.2557	-39.2786
18.6198	-5.25529	-39.2288
18.6311	-5.25406	-39.1812
18.6423	-5.25289	-39.1339
18.6536	-5.25177	-39.0869
18.6648	-5.24983	-39.0421
18.6761	-5.25055	-38.9921
18.6873	-5.24958	-38.9462
18.6986	-5.24866	-38.9006
18.7099	-5.24692	-38.8572
18.7211	-5.24608	-38.8123
18.7324	-5.24698	-38.764
18.7436	-5.24621	-38.7198
18.7549	-5.24464	-38.6778
18.7661	-5.24394	-38.6344
18.7774	-5.24326	-38.5913
18.7886	-5.24262	-38.5487
18.7999	-5.24283	-38.5045
18.8112	-5.24222	-38.4626
18.8224	-5.24081	-38.423
18.8337	-5.24106	-38.38
18.8449	-5.23968	-38.3411
18.8562	-5.24157	-38.2951
18.8674	-5.24021	-38.2571
18.8787	-5.23886	-38.2196
18.8899	-5.23913	-38.1786
18.9012	-5.23778	-38.1418
18.9125	-5.23804	-38.1017
18.9237	-5.23828	-38.062
18.935	-5.23693	-38.0266
18.9462	-5.23714	-37.9878
18.9575	-5.23576	-37.9532
18.9687	-5.23594	-37.9153
18.98	-5.23609	-37.8778
18.9912	-5.23466	-37.8445
19.0025	-5.23477	-37.8079
19.0138	-5.2333	-37.7756
19.025	-5.2318	-37.7438
19.0363	-5.23335	-37.7047
19.0475	-5.23179	-37.6738
19.0588	-5.23021	-37.6434
19.07	-5.2301	-37.6095
19.0813	-5.22845	-37.58
19.0925	-5.22977	-37.5432
19.1038	-5.22803	-37.5146
19.1151	-5.22626	-37.4865
19.1263	-5.22593	-37.4549
19.1376	-5.22407	-37.4277
19.1488	-5.22365	-37.3971
19.1601	-5.22317	-37.367
19.1713	-5.22117	-37.3412
19.1826	-5.22059	-37.312
19.1938	-5.21849	-37.2871
19.2051	-5.2178	-37.2588
19.2164	-5.21705	-37.2309
19.2276	-5.2148	-37.2073
19.2389	-5.21393	-37.1803
19.2501	-5.21158	-37.1576
19.2614	-5.20917	-37.1353
19.2726	-5.20956	-37.1058
19.2839	-5.20704	-37.0843
19.2951	-5.20447	-37.0633
19.3064	-5.20325	-37.0388
19.3177	-5.20057	-37.0185
19.3289	-5.20064	-36.991
19.3402	-5.19785	-36.9714
19.3514	-5.19501	-36.9523
19.3627	-5.1935	-36.9296
19.3739	-5.19055	-36.9112
19.3852	-5.18893	-36.8892
19.3964	-5.18724	-36.8676
19.4077	-5.18412	-36.8501
19.419	-5.18232	-36.8291
19.4302	-5.1791	-36.8121
19.4415	-5.17719	-36.7916
19.4527	-5.17521	-36.7713
19.464	-5.17184	-36.7551
19.4752	-5.16977	-36.7354
19.4865	-5.16629	-36.7196
19.4977	-5.16278	-36.704
19.509	-5.16186	-36.6811
19.5203	-5.15823	-36.6658
19.5315	-5.15457	-36.6507
19.5428	-5.15216	-36.632
19.554	-5.1484	-36.6171
19.5653	-5.1472	-36.5949
19.5765	-5.14335	-36.5802
19.5878	-5.13946	-36.5656
19.599	-5.13681	-36.5474
19.6103	-5.13283	-36.5329
19.6216	-5.13009	-36.5148
19.6328	-5.12729	-36.4967
19.6441	-5.12318	-36.4822
19.6553	-5.12029	-36.4641
19.6666	-5.11611	-36.4495
19.6778	-5.11313	-36.4313
19.6891	-5.11012	-36.4131
19.7003	-5.10581	-36.3984
19.7116	-5.10271	-36.3802
19.7229	-5.09833	-36.3653
19.7341	-5.09391	-36.3504
19.7454	-5.09191	-36.3284
19.7566	-5.08742	-36.3132
19.7679	-5.08289	-36.2979
19.7791	-5.07955	-36.2791
19.7904	-5.07495	-36.2635
19.8017	-5.07274	-36.2409
19.8129	-5.06807	-36.2251
19.8242	-5.06338	-36.2092
19.8354	-5.05985	-36.1896
19.8467	-5.0551	-36.1734
19.8579	-5.0515	-36.1536
19.8692	-5.04786	-36.1336
19.8804	-5.04301	-36.1168
19.8917	-5.03931	-36.0965
19.903	-5.03441	-36.0794
19.9142	-5.03065	-36.0588
19.9255	-5.02686	-36.0381
19.9367	-5.02189	-36.0205
19.948	-5.01804	-35.9994
19.9592	-5.01303	-35.9815
19.9705	-5.008	-35.9634
19.9817	-5.00521	-35.9388
19.993	-5.00014	-35.9204
20.0043	-4.99506	-35.9019
20.0155	-4.99108	-35.8801
20.0268	-4.98597	-35.8613
20.038	-4.98306	-35.8361
20.0493	-4.97793	-35.8171
20.0605	-4.97279	-35.798
20.0718	-4.96874	-35.7757
20.083	-4.9636	-35.7564
20.0943	-4.95953	-35.734
20.1056	-4.95545	-35.7115
20.1168	-4.9503	-35.692
20.1281	-4.94622	-35.6694
20.1393	-4.94107	-35.6498
20.1506	-4.93699	-35.6272
20.1618	-4.93291	-35.6045
20.1731	-4.92779	-35.5848
20.1843	-4.92373	-35.5621
20.1956	-4.91864	-35.5424
20.2069	-4.91356	-35.5227
20.2181	-4.91057	-35.4972
20.2294	-4.90552	-35.4776
20.2406	-4.90152	-35.455
20.2519	-4.89652	-35.4354
20.2631	-4.89155	-35.4158
20.2744	-4.88863	-35.3906
20.2856	-4.88371	-35.3711
20.2969	-4.87884	-35.3517
20.3082	-4.87499	-35.3295
20.3194	-4.87018	-35.3103
20.3307	-4.86639	-35.2883
20.3419	-4.86263	-35.2665
20.3532	-4.85793	-35.2474
20.3644	-4.85424	-35.2258
20.3757	-4.84963	-35.2069
20.3869	-4.84602	-35.1855
20.3982	-4.84245	-35.1642
20.4095	-4.83797	-35.1456
20.4207	-4.83449	-35.1245
20.432	-4.83011	-35.1062
20.4432	-4.82578	-35.088
20.4545	-4.82336	-35.0648
20.4657	-4.81912	-35.0469
20.477	-4.81586	-35.0265
20.4882	-4.81172	-35.0088
20.4995	-4.80763	-34.9913
20.5108	-4.80542	-34.9688
20.522	-4.80143	-34.9515
20.5333	-4.7975	-34.9343
20.5445	-4.79451	-34.9148
20.5558	-4.79067	-34.898
20.567	-4.78778	-34.8788
20.5783	-4.78492	-34.8598
20.5895	-4.78122	-34.8434
20.6008	-4.77844	-34.8248
20.6121	-4.77484	-34.8086
20.6233	-4.77214	-34.7903
20.6346	-4.76948	-34.7721
20.6458	-4.766	-34.7565
20.6571	-4.76341	-34.7386
20.6683	-4.76001	-34.7233
20.6796	-4.75664	-34.7082
20.6908	-4.755	-34.6885
20.7021	-4.75169	-34.6738
20.7134	-4.74926	-34.6569
20.7246	-4.74602	-34.6425
20.7359	-4.74281	-34.6283
20.7471	-4.74127	-34.6096
20.7584	-4.7381	-34.5959
20.7696	-4.73496	-34.5823
20.7809	-4.73265	-34.5666
20.7921	-4.72955	-34.5535
20.8034	-4.72726	-34.5383
20.8147	-4.72499	-34.5234
20.8259	-4.72192	-34.5109
20.8372	-4.71966	-34.4965
20.8484	-4.71661	-34.4846
20.8597	-4.71435	-34.4707
20.8709	-4.71209	-34.4571
20.8822	-4.70905	-34.446
20.8934	-4.70678	-34.433
20.9047	-4.70374	-34.4225
20.916	-4.70069	-34.4122
20.9272	-4.69916	-34.398
20.9385	-4.69609	-34.3884
20.9497	-4.69377	-34.3769
20.961	-4.69068	-34.3679
20.9722	-4.68759	-34.3592
20.9835	-4.68596	-34.3467
20.9947	-4.68283	-34.3387
21.006	-4.67968	-34.331
21.0173	-4.67725	-34.3216
21.0285	-4.67407	-34.3146
21.0398	-4.67159	-34.3059
21.051	-4.66908	-34.2976
21.0623	-4.66583	-34.2916
21.0735	-4.66327	-34.284
21.0848	-4.65997	-34.2787
21.096	-4.65736	-34.2718
21.1073	-4.65473	-34.2653
21.1186	-4.65136	-34.261
21.1298	-4.64866	-34.2552
21.1411	-4.64524	-34.2517
21.1523	-4.64179	-34.2485
21.1636	-4.6397	-34.2418
21.1748	-4.63619	-34.2392
21.1861	-4.63335	-34.2351
21.1973	-4.62978	-34.2332
21.2086	-4.6262	-34.2316
21.2199	-4.62393	-34.2265
21.2311	-4.62029	-34.2255
21.2424	-4.61662	-34.2247
21.2536	-4.61358	-34.2224
21.2649	-4.60985	-34.2221
21.2761	-4.60676	-34.2203
21.2874	-4.60363	-34.2187
21.2986	-4.59981	-34.2191
21.3099	-4.59661	-34.218
21.3212	-4.59273	-34.2187
21.3324	-4.58947	-34.2179
21.3437	-4.58618	-34.2173
21.3549	-4.58221	-34.2184
21.3662	-4.57885	-34.218
21.3774	-4.57482	-34.2194
21.3887	-4.57076	-34.2208
21.4	-4.56793	-34.219
21.4112	-4.56381	-34.2205
21.4225	-4.56028	-34.2203
21.4337	-4.55609	-34.2218
21.445	-4.55188	-34.2233
21.4562	-4.54887	-34.2216
21.4675	-4.54458	-34.2229
21.4787	-4.54027	-34.2241
21.49	-4.53653	-34.2237
21.5012	-4.53216	-34.2247
21.5125	-4.52896	-34.2226
21.5238	-4.52451	-34.2233
21.535	-4.52003	-34.2239
21.5463	-4.51611	-34.2228
21.5575	-4.51156	-34.2229
21.5688	-4.50756	-34.2214
21.58	-4.50353	-34.2197
21.5913	-4.49886	-34.2192
21.6026	-4.49474	-34.217
21.6138	-4.49001	-34.2158
21.6251	-4.48523	-34.2144
21.6363	-4.48157	-34.21
21.6476	-4.47672	-34.208
21.6588	-4.4724	-34.2044
21.6701	-4.46746	-34.2017
21.6813	-4.46249	-34.1987
21.6926	-4.4586	-34.1928
21.7039	-4.45355	-34.1891
21.7151	-4.44846	-34.1849
21.7264	-4.44388	-34.1792
21.7376	-4.43872	-34.1743
21.7489	-4.4346	-34.1668
21.7601	-4.42936	-34.1611
21.7714	-4.42409	-34.155
21.7826	-4.41932	-34.1475
21.7939	-4.41397	-34.1407
21.8052	-4.40912	-34.1324
21.8164	-4.40424	-34.1237
21.8277	-4.3988	-34.1157
21.8389	-4.39385	-34.1062
21.8502	-4.38836	-34.0974
21.8614	-4.38285	-34.0882
21.8727	-4.37833	-34.0767
21.8839	-4.37278	-34.0668
21.8952	-4.3677	-34.0556
21.9065	-4.36211	-34.0449
21.9177	-4.3565	-34.0338
21.929	-4.35186	-34.0207
21.9402	-4.34623	-34.0088
21.9515	-4.3406	-33.9967
21.9627	-4.33545	-33.9833
21.974	-4.32982	-33.9705
21.9852	-4.32513	-33.9558
21.9965	-4.31951	-33.9423
22.0078	-4.31389	-33.9285
22.019	-4.30875	-33.9137
22.0303	-4.30316	-33.8992
22.0415	-4.29803	-33.8838
22.0528	-4.29293	-33.868
22.064	-4.2874	-33.8525
22.0753	-4.28234	-33.8361
22.0865	-4.27689	-33.82
22.0978	-4.27147	-33.8036
22.1091	-4.26695	-33.7858
22.1203	-4.26161	-33.7688
22.1316	-4.25674	-33.7511
22.1428	-4.25149	-33.7335
22.1541	-4.2463	-33.7157
22.1653	-4.24199	-33.6966
22.1766	-4.23691	-33.6781
22.1878	-4.2319	-33.6592
22.1991	-4.22736	-33.6397
22.2104	-4.22251	-33.6202
22.2216	-4.2185	-33.5998
22.2329	-4.21379	-33.5798
22.2441	-4.20917	-33.5595
22.2554	-4.205	-33.5387
22.2666	-4.20053	-33.5178
22.2779	-4.19652	-33.4964
22.2891	-4.19259	-33.4746
22.3004	-4.18839	-33.4528
22.3117	-4.18464	-33.4305
22.3229	-4.18064	-33.4081
22.3342	-4.17673	-33.3854
22.3454	-4.17362	-33.362
22.3567	-4.16991	-33.3387
22.3679	-4.16664	-33.315
22.3792	-4.16313	-33.2912
22.3904	-4.15971	-33.2671
22.4017	-4.15705	-33.2425
22.413	-4.15383	-33.2178
22.4242	-4.15072	-33.1928
22.4355	-4.14803	-33.1673
22.4467	-4.14513	-33.1417
22.458	-4.14295	-33.1157
22.4692	-4.14025	-33.0896
22.4805	-4.13767	-33.0633
22.4917	-4.13547	-33.0367
22.503	-4.13309	-33.0099
22.5143	-4.13108	-32.9829
22.5255	-4.12916	-32.9557
22.5368	-4.12706	-32.9282
22.548	-4.12533	-32.9005
22.5593	-4.12343	-32.8727
22.5705	-4.12164	-32.8447
22.5818	-4.12045	-32.8166
22.593	-4.11884	-32.7884
22.6043	-4.11757	-32.7601
22.6156	-4.11615	-32.7318
22.6268	-4.11481	-32.7034
22.6381	-4.11402	-32.6751
22.6493	-4.11284	-32.6466
22.6606	-4.11176	-32.6181
22.6718	-4.11098	-32.5897
22.6831	-4.11007	-32.5614
22.6943	-4.10966	-32.5332
22.7056	-4.10891	-32.5051
22.7169	-4.10824	-32.4772
22.7281	-4.10785	-32.4495
22.7394	-4.10733	-32.4221
22.7506	-4.10706	-32.3949
22.7619	-4.10686	-32.368
22.7731	-4.10654	-32.3412
22.7844	-4.10648	-32.3148
22.7956	-4.10632	-32.2887
22.8069	-4.10624	-32.263
22.8182	-4.10655	-32.2379
22.8294	-4.1066	-32.213
22.8407	-4.10687	-32.1887
22.8519	-4.10706	-32.1649
22.8632	-4.10732	-32.1416
22.8744	-4.10792	-32.119
22.8857	-4.1083	-32.0968
22.8969	-4.10876	-32.0751
22.9082	-4.10942	-32.0541
22.9195	-4.11004	-32.0336
22.9307	-4.11098	-32.0141
22.942	-4.11174	-31.995
22.9532	-4.11257	-31.9767
22.9645	-4.11359	-31.9593
22.9757	-4.11457	-31.9426
22.987	-4.11572	-31.9267
22.9982	-4.11694	-31.9116
23.0095	-4.11813	-31.8972
23.0208	-4.1195	-31.8836
23.032	-4.12086	-31.8708
23.0433	-4.1223	-31.8588
23.0545	-4.124	-31.8478
23.0658	-4.1256	-31.8376
23.077	-4.12737	-31.8284
23.0883	-4.12912	-31.82
23.0995	-4.13096	-31.8125
23.1108	-4.13301	-31.806
23.1221	-4.13498	-31.8002
23.1333	-4.13703	-31.7952
23.1446	-4.13923	-31.7911
23.1558	-4.14146	-31.7878
23.1671	-4.14389	-31.7854
23.1783	-4.14627	-31.7838
23.1896	-4.14874	-31.7831
23.2008	-4.15133	-31.7832
23.2121	-4.15393	-31.7843
23.2234	-4.15666	-31.7861
23.2346	-4.15944	-31.7886
23.2459	-4.16224	-31.7919
23.2571	-4.16515	-31.7959
23.2684	-4.16809	-31.8006
23.2796	-4.17111	-31.806
23.2909	-4.17426	-31.8121
23.3022	-4.1774	-31.8189
23.3134	-4.18063	-31.8264
23.3247	-4.18387	-31.8347
23.3359	-4.18716	-31.8436
23.3472	-4.19053	-31.853
23.3584	-4.19389	-31.8631
23.3697	-4.19728	-31.8738
23.3809	-4.20074	-31.8848
23.3922	-4.2042	-31.8966
23.4035	-4.20773	-31.9086
23.4147	-4.21124	-31.9214
23.426	-4.21477	-31.9348
23.4372	-4.21831	-31.9485
23.4485	-4.22184	-31.963
23.4597	-4.22537	-31.9777
23.471	-4.22888	-31.9929
23.4822	-4.23236	-32.0086
23.4935	-4.23583	-32.0245
23.5048	-4.23928	-32.041
23.516	-4.24269	-32.0579
23.5273	-4.24608	-32.0748
23.5385	-4.24941	-32.0925
23.5498	-4.2527	-32.1105
23.561	-4.25592	-32.1291
23.5723	-4.25907	-32.1481
23.5835	-4.26215	-32.1669
23.5948	-4.26515	-32.1866
23.6061	-4.26807	-32.2065
23.6173	-4.27093	-32.2265
23.6286	-4.2737	-32.2471
23.6398	-4.27638	-32.2676
23.6511	-4.27897	-32.289
23.6623	-4.28147	-32.3109
23.6736	-4.28386	-32.3329
23.6848	-4.28613	-32.3557
23.6961	-4.28828	-32.3785
23.7074	-4.2903	-32.4017
23.7186	-4.29222	-32.4256
23.7299	-4.29402	-32.4496
23.7411	-4.29572	-32.4743
23.7524	-4.29729	-32.4995
23.7636	-4.29872	-32.5246
